-1.500000e+00	2.261250e-01	2.261250e-01	2.261250e-01	0.000000e+00	0.000000e+00
-1.494737e+00	2.245409e-01	2.245409e-01	2.245409e-01	0.000000e+00	0.000000e+00
-1.489474e+00	2.229625e-01	2.229625e-01	2.229625e-01	0.000000e+00	0.000000e+00
-1.484211e+00	2.213895e-01	2.213895e-01	2.213895e-01	0.000000e+00	0.000000e+00
-1.478947e+00	2.198222e-01	2.198222e-01	2.198222e-01	0.000000e+00	0.000000e+00
-1.473684e+00	2.182604e-01	2.182604e-01	2.182604e-01	0.000000e+00	0.000000e+00
-1.468421e+00	2.167042e-01	2.167042e-01	2.167042e-01	0.000000e+00	0.000000e+00
-1.463158e+00	2.151535e-01	2.151535e-01	2.151535e-01	0.000000e+00	0.000000e+00
-1.457895e+00	2.136084e-01	2.136084e-01	2.136084e-01	0.000000e+00	0.000000e+00
-1.452632e+00	2.120689e-01	2.120689e-01	2.120689e-01	0.000000e+00	0.000000e+00
-1.447368e+00	2.105350e-01	2.105350e-01	2.105350e-01	0.000000e+00	0.000000e+00
-1.442105e+00	2.090066e-01	2.090066e-01	2.090066e-01	0.000000e+00	0.000000e+00
-1.436842e+00	2.074838e-01	2.074838e-01	2.074838e-01	0.000000e+00	0.000000e+00
-1.431579e+00	2.059665e-01	2.059665e-01	2.059665e-01	0.000000e+00	0.000000e+00
-1.426316e+00	2.044549e-01	2.044549e-01	2.044549e-01	0.000000e+00	0.000000e+00
-1.421053e+00	2.029488e-01	2.029488e-01	2.029488e-01	0.000000e+00	0.000000e+00
-1.415789e+00	2.014482e-01	2.014482e-01	2.014482e-01	0.000000e+00	0.000000e+00
-1.410526e+00	1.999532e-01	1.999532e-01	1.999532e-01	0.000000e+00	0.000000e+00
-1.405263e+00	1.984638e-01	1.984638e-01	1.984638e-01	0.000000e+00	0.000000e+00
-1.400000e+00	1.969800e-01	1.969800e-01	1.969800e-01	0.000000e+00	0.000000e+00
-1.400000e+00	1.969800e-01	1.969800e-01	1.969800e-01	0.000000e+00	0.000000e+00
-1.394737e+00	1.955017e-01	1.955017e-01	1.955017e-01	0.000000e+00	0.000000e+00
-1.389474e+00	1.940290e-01	1.940290e-01	1.940290e-01	0.000000e+00	0.000000e+00
-1.384211e+00	1.925619e-01	1.925619e-01	1.925619e-01	0.000000e+00	0.000000e+00
-1.378947e+00	1.911003e-01	1.911003e-01	1.911003e-01	0.000000e+00	0.000000e+00
-1.373684e+00	1.896443e-01	1.896443e-01	1.896443e-01	0.000000e+00	0.000000e+00
-1.368421e+00	1.881939e-01	1.881939e-01	1.881939e-01	0.000000e+00	0.000000e+00
-1.363158e+00	1.867490e-01	1.867490e-01	1.867490e-01	0.000000e+00	0.000000e+00
-1.357895e+00	1.853098e-01	1.853098e-01	1.853098e-01	0.000000e+00	0.000000e+00
-1.352632e+00	1.838760e-01	1.838760e-01	1.838760e-01	0.000000e+00	0.000000e+00
-1.347368e+00	1.824479e-01	1.824479e-01	1.824479e-01	0.000000e+00	0.000000e+00
-1.342105e+00	1.810253e-01	1.810253e-01	1.810253e-01	0.000000e+00	0.000000e+00
-1.336842e+00	1.796083e-01	1.796083e-01	1.796083e-01	0.000000e+00	0.000000e+00
-1.331579e+00	1.781968e-01	1.781968e-01	1.781968e-01	0.000000e+00	0.000000e+00
-1.326316e+00	1.767909e-01	1.767909e-01	1.767909e-01	0.000000e+00	0.000000e+00
-1.321053e+00	1.753906e-01	1.753906e-01	1.753906e-01	0.000000e+00	0.000000e+00
-1.315789e+00	1.739958e-01	1.739958e-01	1.739958e-01	0.000000e+00	0.000000e+00
-1.310526e+00	1.726067e-01	1.726067e-01	1.726067e-01	0.000000e+00	0.000000e+00
-1.305263e+00	1.712230e-01	1.712230e-01	1.712230e-01	0.000000e+00	0.000000e+00
-1.300000e+00	1.698450e-01	1.698450e-01	1.698450e-01	0.000000e+00	0.000000e+00
-1.300000e+00	1.698450e-01	1.698450e-01	1.698450e-01	0.000000e+00	0.000000e+00
-1.294737e+00	1.684725e-01	1.684725e-01	1.684725e-01	0.000000e+00	0.000000e+00
-1.289474e+00	1.671056e-01	1.671056e-01	1.671056e-01	0.000000e+00	0.000000e+00
-1.284211e+00	1.657443e-01	1.657443e-01	1.657443e-01	0.000000e+00	0.000000e+00
-1.278947e+00	1.643885e-01	1.643885e-01	1.643885e-01	0.000000e+00	0.000000e+00
-1.273684e+00	1.630383e-01	1.630383e-01	1.630383e-01	0.000000e+00	0.000000e+00
-1.268421e+00	1.616936e-01	1.616936e-01	1.616936e-01	0.000000e+00	0.000000e+00
-1.263158e+00	1.603546e-01	1.603546e-01	1.603546e-01	0.000000e+00	0.000000e+00
-1.257895e+00	1.590211e-01	1.590211e-01	1.590211e-01	0.000000e+00	0.000000e+00
-1.252632e+00	1.576931e-01	1.576931e-01	1.576931e-01	0.000000e+00	0.000000e+00
-1.247368e+00	1.563708e-01	1.563708e-01	1.563708e-01	0.000000e+00	0.000000e+00
-1.242105e+00	1.550540e-01	1.550540e-01	1.550540e-01	0.000000e+00	0.000000e+00
-1.236842e+00	1.537427e-01	1.537427e-01	1.537427e-01	0.000000e+00	0.000000e+00
-1.231579e+00	1.524371e-01	1.524371e-01	1.524371e-01	0.000000e+00	0.000000e+00
-1.226316e+00	1.511370e-01	1.511370e-01	1.511370e-01	0.000000e+00	0.000000e+00
-1.221053e+00	1.498424e-01	1.498424e-01	1.498424e-01	0.000000e+00	0.000000e+00
-1.215789e+00	1.485535e-01	1.485535e-01	1.485535e-01	0.000000e+00	0.000000e+00
-1.210526e+00	1.472701e-01	1.472701e-01	1.472701e-01	0.000000e+00	0.000000e+00
-1.205263e+00	1.459923e-01	1.459923e-01	1.459923e-01	0.000000e+00	0.000000e+00
-1.200000e+00	1.447200e-01	1.447200e-01	1.447200e-01	0.000000e+00	0.000000e+00
-1.200000e+00	1.447200e-01	1.447200e-01	1.447200e-01	0.000000e+00	0.000000e+00
-1.194737e+00	1.434533e-01	1.434533e-01	1.434533e-01	0.000000e+00	0.000000e+00
-1.189474e+00	1.421922e-01	1.421922e-01	1.421922e-01	0.000000e+00	0.000000e+00
-1.184211e+00	1.409366e-01	1.409366e-01	1.409366e-01	0.000000e+00	0.000000e+00
-1.178947e+00	1.396866e-01	1.396866e-01	1.396866e-01	0.000000e+00	0.000000e+00
-1.173684e+00	1.384422e-01	1.384422e-01	1.384422e-01	0.000000e+00	0.000000e+00
-1.168421e+00	1.372034e-01	1.372034e-01	1.372034e-01	0.000000e+00	0.000000e+00
-1.163158e+00	1.359701e-01	1.359701e-01	1.359701e-01	0.000000e+00	0.000000e+00
-1.157895e+00	1.347424e-01	1.347424e-01	1.347424e-01	0.000000e+00	0.000000e+00
-1.152632e+00	1.335202e-01	1.335202e-01	1.335202e-01	0.000000e+00	0.000000e+00
-1.147368e+00	1.323037e-01	1.323037e-01	1.323037e-01	0.000000e+00	0.000000e+00
-1.142105e+00	1.310926e-01	1.310926e-01	1.310926e-01	0.000000e+00	0.000000e+00
-1.136842e+00	1.298872e-01	1.298872e-01	1.298872e-01	0.000000e+00	0.000000e+00
-1.131579e+00	1.286873e-01	1.286873e-01	1.286873e-01	0.000000e+00	0.000000e+00
-1.126316e+00	1.274930e-01	1.274930e-01	1.274930e-01	0.000000e+00	0.000000e+00
-1.121053e+00	1.263043e-01	1.263043e-01	1.263043e-01	0.000000e+00	0.000000e+00
-1.115789e+00	1.251211e-01	1.251211e-01	1.251211e-01	0.000000e+00	0.000000e+00
-1.110526e+00	1.239435e-01	1.239435e-01	1.239435e-01	0.000000e+00	0.000000e+00
-1.105263e+00	1.227715e-01	1.227715e-01	1.227715e-01	0.000000e+00	0.000000e+00
-1.100000e+00	1.216050e-01	1.216050e-01	1.216050e-01	0.000000e+00	0.000000e+00
-1.100000e+00	1.216050e-01	1.216050e-01	1.216050e-01	0.000000e+00	0.000000e+00
-1.094737e+00	1.204441e-01	1.204441e-01	1.204441e-01	0.000000e+00	0.000000e+00
-1.089474e+00	1.192888e-01	1.192888e-01	1.192888e-01	0.000000e+00	0.000000e+00
-1.084211e+00	1.181390e-01	1.181390e-01	1.181390e-01	0.000000e+00	0.000000e+00
-1.078947e+00	1.169948e-01	1.169948e-01	1.169948e-01	0.000000e+00	0.000000e+00
-1.073684e+00	1.158562e-01	1.158562e-01	1.158562e-01	0.000000e+00	0.000000e+00
-1.068421e+00	1.147231e-01	1.147231e-01	1.147231e-01	0.000000e+00	0.000000e+00
-1.063158e+00	1.135956e-01	1.135956e-01	1.135956e-01	0.000000e+00	0.000000e+00
-1.057895e+00	1.124737e-01	1.124737e-01	1.124737e-01	0.000000e+00	0.000000e+00
-1.052632e+00	1.113573e-01	1.113573e-01	1.113573e-01	0.000000e+00	0.000000e+00
-1.047368e+00	1.102466e-01	1.102466e-01	1.102466e-01	0.000000e+00	0.000000e+00
-1.042105e+00	1.091413e-01	1.091413e-01	1.091413e-01	0.000000e+00	0.000000e+00
-1.036842e+00	1.080417e-01	1.080417e-01	1.080417e-01	0.000000e+00	0.000000e+00
-1.031579e+00	1.069476e-01	1.069476e-01	1.069476e-01	0.000000e+00	0.000000e+00
-1.026316e+00	1.058591e-01	1.058591e-01	1.058591e-01	0.000000e+00	0.000000e+00
-1.021053e+00	1.047761e-01	1.047761e-01	1.047761e-01	0.000000e+00	0.000000e+00
-1.015789e+00	1.036987e-01	1.036987e-01	1.036987e-01	0.000000e+00	0.000000e+00
-1.010526e+00	1.026269e-01	1.026269e-01	1.026269e-01	0.000000e+00	0.000000e+00
-1.005263e+00	1.015607e-01	1.015607e-01	1.015607e-01	0.000000e+00	0.000000e+00
-1.000000e+00	1.005000e-01	1.005000e-01	1.005000e-01	0.000000e+00	0.000000e+00
-1.000000e+00	1.005000e-01	1.005000e-01	1.005000e-01	0.000000e+00	0.000000e+00
-9.947368e-01	9.932495e-02	9.944489e-02	9.944489e-02	8.031821e-06	0.000000e+00
-9.894737e-01	9.818806e-02	9.839535e-02	9.839535e-02	1.460146e-05	0.000000e+00
-9.842105e-01	9.708933e-02	9.735137e-02	9.735137e-02	1.970890e-05	0.000000e+00
-9.789474e-01	9.602876e-02	9.631296e-02	9.631296e-02	2.335416e-05	0.000000e+00
-9.736842e-01	9.500635e-02	9.528012e-02	9.528012e-02	2.553724e-05	0.000000e+00
-9.684211e-01	9.402209e-02	9.425285e-02	9.425285e-02	2.625812e-05	0.000000e+00
-9.631579e-01	9.307599e-02	9.323115e-02	9.323115e-02	2.551682e-05	0.000000e+00
-9.578947e-01	9.216805e-02	9.221501e-02	9.221501e-02	2.331333e-05	0.000000e+00
-9.526316e-01	9.129827e-02	9.120445e-02	9.120445e-02	1.964766e-05	0.000000e+00
-9.473684e-01	9.046665e-02	9.019945e-02	9.019945e-02	1.451980e-05	0.000000e+00
-9.421053e-01	8.967319e-02	8.920001e-02	8.920001e-02	7.929746e-06	0.000000e+00
-9.368421e-01	8.891788e-02	8.820615e-02	8.820615e-02	-1.224903e-07	0.000000e+00
-9.315789e-01	8.820073e-02	8.721785e-02	8.721785e-02	-9.636913e-06	0.000000e+00
-9.263158e-01	8.752174e-02	8.623512e-02	8.623512e-02	-2.061352e-05	0.000000e+00
-9.210526e-01	8.688091e-02	8.577968e-02	8.525796e-02	-3.305232e-05	-4.731319e-05
-9.157895e-01	8.627824e-02	8.586045e-02	8.428637e-02	-4.695331e-05	-1.427495e-04
-9.105263e-01	8.571372e-02	8.594122e-02	8.332035e-02	-6.231648e-05	-2.376808e-04
-9.052632e-01	8.518736e-02	8.602199e-02	8.235989e-02	-7.914184e-05	-3.321072e-04
-9.000000e-01	8.469916e-02	8.610275e-02	8.140500e-02	-9.742938e-05	-4.260287e-04
-9.000000e-01	8.589482e-02	8.610275e-02	8.140500e-02	-4.317221e-04	-4.260287e-04
-8.947368e-01	8.599706e-02	8.618352e-02	8.045568e-02	-5.357963e-04	-5.194452e-04
-8.894737e-01	8.609750e-02	8.626429e-02	7.951193e-02	-6.380408e-04	-6.123568e-04
-8.842105e-01	8.619612e-02	8.634506e-02	7.857374e-02	-7.384556e-04	-7.047635e-04
-8.789474e-01	8.629293e-02	8.642583e-02	7.764112e-02	-8.370408e-04	-7.966652e-04
-8.736842e-01	8.638793e-02	8.650660e-02	7.671407e-02	-9.337964e-04	-8.880620e-04
-8.684211e-01	8.648112e-02	8.658736e-02	7.579259e-02	-1.028722e-03	-9.789538e-04
-8.631579e-01	8.657250e-02	8.666813e-02	7.487668e-02	-1.121819e-03	-1.069341e-03
-8.578947e-01	8.666207e-02	8.674890e-02	7.396633e-02	-1.213085e-03	-1.159223e-03
-8.526316e-01	8.674982e-02	8.682967e-02	7.306155e-02	-1.302522e-03	-1.248600e-03
-8.473684e-01	8.683576e-02	8.691044e-02	7.216234e-02	-1.390129e-03	-1.337472e-03
-8.421053e-01	8.691990e-02	8.699121e-02	7.126870e-02	-1.475907e-03	-1.425839e-03
-8.368421e-01	8.700221e-02	8.707198e-02	7.038062e-02	-1.559855e-03	-1.513701e-03
-8.315789e-01	8.708272e-02	8.715274e-02	6.949812e-02	-1.641974e-03	-1.601059e-03
-8.263158e-01	8.716142e-02	8.723351e-02	6.862118e-02	-1.722262e-03	-1.687911e-03
-8.210526e-01	8.723830e-02	8.731428e-02	6.774981e-02	-1.800721e-03	-1.774258e-03
-8.157895e-01	8.731338e-02	8.739505e-02	6.688400e-02	-1.877351e-03	-1.860101e-03
-8.105263e-01	8.738664e-02	8.747582e-02	6.602377e-02	-1.952151e-03	-1.945438e-03
-8.052632e-01	8.745809e-02	8.755659e-02	6.516910e-02	-2.025121e-03	-2.030271e-03
-8.000000e-01	8.752773e-02	8.763736e-02	6.432000e-02	-2.096261e-03	-2.114599e-03
-8.000000e-01	8.759851e-02	8.763736e-02	6.432000e-02	-2.129765e-03	-2.114599e-03
-7.947368e-01	8.768417e-02	8.771812e-02	6.347647e-02	-2.211916e-03	-2.198421e-03
-7.894737e-01	8.776954e-02	8.779889e-02	6.263850e-02	-2.293633e-03	-2.281739e-03
-7.842105e-01	8.785462e-02	8.787966e-02	6.180611e-02	-2.374917e-03	-2.364552e-03
-7.789474e-01	8.793942e-02	8.796043e-02	6.097928e-02	-2.455767e-03	-2.446860e-03
-7.736842e-01	8.802394e-02	8.804120e-02	6.015802e-02	-2.536184e-03	-2.528663e-03
-7.684211e-01	8.810817e-02	8.812197e-02	5.934233e-02	-2.616167e-03	-2.609961e-03
-7.631579e-01	8.819212e-02	8.820274e-02	5.853220e-02	-2.695716e-03	-2.690754e-03
-7.578947e-01	8.827578e-02	8.828350e-02	5.772765e-02	-2.774832e-03	-2.771042e-03
-7.526316e-01	8.835916e-02	8.836427e-02	5.692866e-02	-2.853515e-03	-2.850825e-03
-7.473684e-01	8.844226e-02	8.844504e-02	5.613524e-02	-2.931763e-03	-2.930104e-03
-7.421053e-01	8.852507e-02	8.852581e-02	5.534738e-02	-3.009579e-03	-3.008877e-03
-7.368421e-01	8.860759e-02	8.860658e-02	5.456510e-02	-3.086960e-03	-3.087145e-03
-7.315789e-01	8.868983e-02	8.868735e-02	5.378838e-02	-3.163908e-03	-3.164909e-03
-7.263158e-01	8.877179e-02	8.876812e-02	5.301723e-02	-3.240423e-03	-3.242167e-03
-7.210526e-01	8.885346e-02	8.884888e-02	5.225165e-02	-3.316504e-03	-3.318921e-03
-7.157895e-01	8.893485e-02	8.892965e-02	5.149163e-02	-3.392151e-03	-3.395170e-03
-7.105263e-01	8.901595e-02	8.901042e-02	5.073719e-02	-3.467365e-03	-3.470913e-03
-7.052632e-01	8.909677e-02	8.909119e-02	4.998831e-02	-3.542145e-03	-3.546152e-03
-7.000000e-01	8.917730e-02	8.917196e-02	4.924500e-02	-3.616491e-03	-3.620886e-03
-7.000000e-01	8.917907e-02	8.917196e-02	4.924500e-02	-3.616862e-03	-3.620886e-03
-6.947368e-01	8.925938e-02	8.925273e-02	4.850726e-02	-3.691317e-03	-3.695115e-03
-6.894737e-01	8.933970e-02	8.933350e-02	4.777508e-02	-3.765263e-03	-3.768839e-03
-6.842105e-01	8.942003e-02	8.941426e-02	4.704848e-02	-3.838699e-03	-3.842058e-03
-6.789474e-01	8.950038e-02	8.949503e-02	4.632744e-02	-3.911627e-03	-3.914772e-03
-6.736842e-01	8.958075e-02	8.957580e-02	4.561197e-02	-3.984045e-03	-3.986981e-03
-6.684211e-01	8.966113e-02	8.965657e-02	4.490206e-02	-4.055953e-03	-4.058685e-03
-6.631579e-01	8.974152e-02	8.973734e-02	4.419773e-02	-4.127352e-03	-4.129885e-03
-6.578947e-01	8.982194e-02	8.981811e-02	4.349896e-02	-4.198242e-03	-4.200579e-03
-6.526316e-01	8.990236e-02	8.989888e-02	4.280576e-02	-4.268623e-03	-4.270768e-03
-6.473684e-01	8.998280e-02	8.997964e-02	4.211813e-02	-4.338494e-03	-4.340453e-03
-6.421053e-01	9.006326e-02	9.006041e-02	4.143607e-02	-4.407856e-03	-4.409632e-03
-6.368421e-01	9.014373e-02	9.014118e-02	4.075957e-02	-4.476708e-03	-4.478307e-03
-6.315789e-01	9.022422e-02	9.022195e-02	4.008864e-02	-4.545052e-03	-4.546477e-03
-6.263158e-01	9.030472e-02	9.030272e-02	3.942328e-02	-4.612886e-03	-4.614141e-03
-6.210526e-01	9.038524e-02	9.038349e-02	3.876349e-02	-4.680210e-03	-4.681301e-03
-6.157895e-01	9.046577e-02	9.046426e-02	3.810927e-02	-4.747025e-03	-4.747956e-03
-6.105263e-01	9.054632e-02	9.054502e-02	3.746061e-02	-4.813331e-03	-4.814106e-03
-6.052632e-01	9.062689e-02	9.062579e-02	3.681752e-02	-4.879128e-03	-4.879751e-03
-6.000000e-01	9.070747e-02	9.070656e-02	3.618000e-02	-4.944415e-03	-4.944891e-03
-6.000000e-01	9.070716e-02	9.070656e-02	3.618000e-02	-4.944512e-03	-4.944891e-03
-5.947368e-01	9.078784e-02	9.078733e-02	3.554805e-02	-5.009201e-03	-5.009526e-03
-5.894737e-01	9.086853e-02	9.086810e-02	3.492166e-02	-5.073381e-03	-5.073656e-03
-5.842105e-01	9.094922e-02	9.094887e-02	3.430084e-02	-5.137054e-03	-5.137282e-03
-5.789474e-01	9.102992e-02	9.102964e-02	3.368560e-02	-5.200218e-03	-5.200402e-03
-5.736842e-01	9.111062e-02	9.111040e-02	3.307591e-02	-5.262874e-03	-5.263017e-03
-5.684211e-01	9.119133e-02	9.119117e-02	3.247180e-02	-5.325023e-03	-5.325128e-03
-5.631579e-01	9.127205e-02	9.127194e-02	3.187325e-02	-5.386663e-03	-5.386733e-03
-5.578947e-01	9.135277e-02	9.135271e-02	3.128028e-02	-5.447795e-03	-5.447834e-03
-5.526316e-01	9.143349e-02	9.143348e-02	3.069287e-02	-5.508418e-03	-5.508429e-03
-5.473684e-01	9.151422e-02	9.151425e-02	3.011102e-02	-5.568534e-03	-5.568520e-03
-5.421053e-01	9.159496e-02	9.159502e-02	2.953475e-02	-5.628142e-03	-5.628106e-03
-5.368421e-01	9.167570e-02	9.167578e-02	2.896404e-02	-5.687241e-03	-5.687186e-03
-5.315789e-01	9.175645e-02	9.175655e-02	2.839891e-02	-5.745833e-03	-5.745762e-03
-5.263158e-01	9.183720e-02	9.183732e-02	2.783934e-02	-5.803916e-03	-5.803833e-03
-5.210526e-01	9.191796e-02	9.191809e-02	2.728533e-02	-5.861491e-03	-5.861399e-03
-5.157895e-01	9.199872e-02	9.199886e-02	2.673690e-02	-5.918558e-03	-5.918460e-03
-5.105263e-01	9.207949e-02	9.207963e-02	2.619403e-02	-5.975117e-03	-5.975016e-03
-5.052632e-01	9.216026e-02	9.216040e-02	2.565673e-02	-6.031168e-03	-6.031068e-03
-5.000000e-01	9.224104e-02	9.224116e-02	2.512500e-02	-6.086711e-03	-6.086614e-03
-5.000000e-01	9.224104e-02	9.224116e-02	2.512500e-02	-6.086702e-03	-6.086614e-03
-4.947368e-01	9.232182e-02	9.232193e-02	2.459884e-02	-6.141736e-03	-6.141655e-03
-4.894737e-01	9.240260e-02	9.240270e-02	2.407824e-02	-6.196265e-03	-6.196191e-03
-4.842105e-01	9.248338e-02	9.248347e-02	2.356321e-02	-6.250289e-03	-6.250223e-03
-4.789474e-01	9.256416e-02	9.256424e-02	2.305375e-02	-6.303809e-03	-6.303749e-03
-4.736842e-01	9.264494e-02	9.264501e-02	2.254986e-02	-6.356824e-03	-6.356771e-03
-4.684211e-01	9.272571e-02	9.272578e-02	2.205154e-02	-6.409334e-03	-6.409288e-03
-4.631579e-01	9.280649e-02	9.280654e-02	2.155878e-02	-6.461340e-03	-6.461299e-03
-4.578947e-01	9.288727e-02	9.288731e-02	2.107159e-02	-6.512841e-03	-6.512806e-03
-4.526316e-01	9.296804e-02	9.296808e-02	2.058997e-02	-6.563838e-03	-6.563808e-03
-4.473684e-01	9.304882e-02	9.304885e-02	2.011392e-02	-6.614330e-03	-6.614305e-03
-4.421053e-01	9.312959e-02	9.312962e-02	1.964343e-02	-6.664318e-03	-6.664297e-03
-4.368421e-01	9.321037e-02	9.321039e-02	1.917852e-02	-6.713801e-03	-6.713783e-03
-4.315789e-01	9.329114e-02	9.329116e-02	1.871917e-02	-6.762779e-03	-6.762766e-03
-4.263158e-01	9.337191e-02	9.337192e-02	1.826539e-02	-6.811253e-03	-6.811243e-03
-4.210526e-01	9.345268e-02	9.345269e-02	1.781717e-02	-6.859222e-03	-6.859215e-03
-4.157895e-01	9.353346e-02	9.353346e-02	1.737453e-02	-6.906686e-03	-6.906682e-03
-4.105263e-01	9.361423e-02	9.361423e-02	1.693745e-02	-6.953646e-03	-6.953644e-03
-4.052632e-01	9.369500e-02	9.369500e-02	1.650594e-02	-7.000102e-03	-7.000102e-03
-4.000000e-01	9.377577e-02	9.377577e-02	1.608000e-02	-7.046053e-03	-7.046054e-03
-4.000000e-01	9.377577e-02	9.377577e-02	1.608000e-02	-7.046051e-03	-7.046054e-03
-3.947368e-01	9.385654e-02	9.385654e-02	1.565963e-02	-7.091499e-03	-7.091502e-03
-3.894737e-01	9.393731e-02	9.393730e-02	1.524482e-02	-7.136441e-03	-7.136444e-03
-3.842105e-01	9.401808e-02	9.401807e-02	1.483558e-02	-7.180879e-03	-7.180882e-03
-3.789474e-01	9.409884e-02	9.409884e-02	1.443191e-02	-7.224812e-03	-7.224814e-03
-3.736842e-01	9.417961e-02	9.417961e-02	1.403381e-02	-7.268239e-03	-7.268242e-03
-3.684211e-01	9.426038e-02	9.426038e-02	1.364127e-02	-7.311162e-03	-7.311165e-03
-3.631579e-01	9.434115e-02	9.434115e-02	1.325431e-02	-7.353580e-03	-7.353583e-03
-3.578947e-01	9.442192e-02	9.442192e-02	1.287291e-02	-7.395493e-03	-7.395496e-03
-3.526316e-01	9.450269e-02	9.450268e-02	1.249708e-02	-7.436901e-03	-7.436904e-03
-3.473684e-01	9.458346e-02	9.458345e-02	1.212681e-02	-7.477804e-03	-7.477807e-03
-3.421053e-01	9.466422e-02	9.466422e-02	1.176212e-02	-7.518203e-03	-7.518205e-03
-3.368421e-01	9.474499e-02	9.474499e-02	1.140299e-02	-7.558096e-03	-7.558098e-03
-3.315789e-01	9.482576e-02	9.482576e-02	1.104943e-02	-7.597484e-03	-7.597486e-03
-3.263158e-01	9.490653e-02	9.490653e-02	1.070144e-02	-7.636368e-03	-7.636370e-03
-3.210526e-01	9.498730e-02	9.498730e-02	1.035902e-02	-7.674746e-03	-7.674748e-03
-3.157895e-01	9.506807e-02	9.506806e-02	1.002216e-02	-7.712620e-03	-7.712621e-03
-3.105263e-01	9.514883e-02	9.514883e-02	9.690873e-03	-7.749989e-03	-7.749990e-03
-3.052632e-01	9.522960e-02	9.522960e-02	9.365152e-03	-7.786852e-03	-7.786853e-03
-3.000000e-01	9.531037e-02	9.531037e-02	9.045000e-03	-7.823211e-03	-7.823212e-03
-3.000000e-01	9.531037e-02	9.531037e-02	9.045000e-03	-7.823212e-03	-7.823212e-03
-2.947368e-01	9.539114e-02	9.539114e-02	8.730416e-03	-7.859065e-03	-7.859066e-03
-2.894737e-01	9.547191e-02	9.547191e-02	8.421399e-03	-7.894414e-03	-7.894415e-03
-2.842105e-01	9.555268e-02	9.555268e-02	8.117950e-03	-7.929258e-03	-7.929258e-03
-2.789474e-01	9.563344e-02	9.563344e-02	7.820069e-03	-7.963597e-03	-7.963597e-03
-2.736842e-01	9.571421e-02	9.571421e-02	7.527756e-03	-7.997431e-03	-7.997431e-03
-2.684211e-01	9.579498e-02	9.579498e-02	7.241011e-03	-8.030760e-03	-8.030760e-03
-2.631579e-01	9.587575e-02	9.587575e-02	6.959834e-03	-8.063584e-03	-8.063584e-03
-2.578947e-01	9.595652e-02	9.595652e-02	6.684224e-03	-8.095903e-03	-8.095903e-03
-2.526316e-01	9.603729e-02	9.603729e-02	6.414183e-03	-8.127717e-03	-8.127717e-03
-2.473684e-01	9.611806e-02	9.611806e-02	6.149709e-03	-8.159027e-03	-8.159027e-03
-2.421053e-01	9.619882e-02	9.619882e-02	5.890803e-03	-8.189831e-03	-8.189831e-03
-2.368421e-01	9.627959e-02	9.627959e-02	5.637465e-03	-8.220130e-03	-8.220130e-03
-2.315789e-01	9.636036e-02	9.636036e-02	5.389695e-03	-8.249925e-03	-8.249925e-03
-2.263158e-01	9.644113e-02	9.644113e-02	5.147493e-03	-8.279214e-03	-8.279214e-03
-2.210526e-01	9.652190e-02	9.652190e-02	4.910859e-03	-8.307999e-03	-8.307999e-03
-2.157895e-01	9.660267e-02	9.660267e-02	4.679792e-03	-8.336279e-03	-8.336278e-03
-2.105263e-01	9.668344e-02	9.668344e-02	4.454294e-03	-8.364053e-03	-8.364053e-03
-2.052632e-01	9.676420e-02	9.676420e-02	4.234363e-03	-8.391323e-03	-8.391323e-03
-2.000000e-01	9.684497e-02	9.684497e-02	4.020000e-03	-8.418088e-03	-8.418088e-03
-2.000000e-01	9.684497e-02	9.684497e-02	4.020000e-03	-8.418088e-03	-8.418088e-03
-1.947368e-01	9.692574e-02	9.692574e-02	3.811205e-03	-8.444348e-03	-8.444348e-03
-1.894737e-01	9.700651e-02	9.700651e-02	3.607978e-03	-8.470103e-03	-8.470103e-03
-1.842105e-01	9.708728e-02	9.708728e-02	3.410319e-03	-8.495353e-03	-8.495352e-03
-1.789474e-01	9.716805e-02	9.716805e-02	3.218227e-03	-8.520098e-03	-8.520098e-03
-1.736842e-01	9.724882e-02	9.724882e-02	3.031704e-03	-8.544338e-03	-8.544338e-03
-1.684211e-01	9.732958e-02	9.732958e-02	2.850748e-03	-8.568073e-03	-8.568073e-03
-1.631579e-01	9.741035e-02	9.741035e-02	2.675360e-03	-8.591303e-03	-8.591303e-03
-1.578947e-01	9.749112e-02	9.749112e-02	2.505540e-03	-8.614028e-03	-8.614028e-03
-1.526316e-01	9.757189e-02	9.757189e-02	2.341288e-03	-8.636249e-03	-8.636249e-03
-1.473684e-01	9.765266e-02	9.765266e-02	2.182604e-03	-8.657964e-03	-8.657964e-03
-1.421053e-01	9.773343e-02	9.773343e-02	2.029488e-03	-8.679175e-03	-8.679175e-03
-1.368421e-01	9.781420e-02	9.781420e-02	1.881939e-03	-8.699880e-03	-8.699880e-03
-1.315789e-01	9.789496e-02	9.789496e-02	1.739958e-03	-8.720081e-03	-8.720081e-03
-1.263158e-01	9.797573e-02	9.797573e-02	1.603546e-03	-8.739777e-03	-8.739777e-03
-1.210526e-01	9.805650e-02	9.805650e-02	1.472701e-03	-8.758967e-03	-8.758967e-03
-1.157895e-01	9.813727e-02	9.813727e-02	1.347424e-03	-8.777653e-03	-8.777653e-03
-1.105263e-01	9.821804e-02	9.821804e-02	1.227715e-03	-8.795834e-03	-8.795834e-03
-1.052632e-01	9.829881e-02	9.829881e-02	1.113573e-03	-8.813510e-03	-8.813510e-03
-1.000000e-01	9.837958e-02	9.837958e-02	1.005000e-03	-8.830681e-03	-8.830681e-03
-1.000000e-01	9.837958e-02	9.837958e-02	1.005000e-03	-8.830681e-03	-8.830681e-03
-9.473684e-02	9.846034e-02	9.846034e-02	9.019945e-04	-8.847347e-03	-8.847347e-03
-8.947368e-02	9.854111e-02	9.854111e-02	8.045568e-04	-8.863508e-03	-8.863508e-03
-8.421053e-02	9.862188e-02	9.862188e-02	7.126870e-04	-8.879164e-03	-8.879164e-03
-7.894737e-02	9.870265e-02	9.870265e-02	6.263850e-04	-8.894316e-03	-8.894316e-03
-7.368421e-02	9.878342e-02	9.878342e-02	5.456510e-04	-8.908962e-03	-8.908962e-03
-6.842105e-02	9.886419e-02	9.886419e-02	4.704848e-04	-8.923103e-03	-8.923103e-03
-6.315789e-02	9.894496e-02	9.894496e-02	4.008864e-04	-8.936740e-03	-8.936740e-03
-5.789474e-02	9.902572e-02	9.902572e-02	3.368560e-04	-8.949871e-03	-8.949871e-03
-5.263158e-02	9.910649e-02	9.910649e-02	2.783934e-04	-8.962498e-03	-8.962498e-03
-4.736842e-02	9.918726e-02	9.918726e-02	2.254986e-04	-8.974619e-03	-8.974619e-03
-4.210526e-02	9.926803e-02	9.926803e-02	1.781717e-04	-8.986236e-03	-8.986236e-03
-3.684211e-02	9.934880e-02	9.934880e-02	1.364127e-04	-8.997348e-03	-8.997348e-03
-3.157895e-02	9.942957e-02	9.942957e-02	1.002216e-04	-9.007955e-03	-9.007955e-03
-2.631579e-02	9.951033e-02	9.951033e-02	6.959834e-05	-9.018056e-03	-9.018056e-03
-2.105263e-02	9.959110e-02	9.959110e-02	4.454294e-05	-9.027653e-03	-9.027653e-03
-1.578947e-02	9.967187e-02	9.967187e-02	2.505540e-05	-9.036745e-03	-9.036745e-03
-1.052632e-02	9.975264e-02	9.975264e-02	1.113573e-05	-9.045332e-03	-9.045332e-03
-5.263158e-03	9.983341e-02	9.983341e-02	2.783934e-06	-9.053415e-03	-9.053415e-03
1.804112e-16	9.991418e-02	9.991418e-02	3.271096e-33	-9.060992e-03	-9.060992e-03
4.163336e-17	9.991418e-02	9.991418e-02	1.742004e-34	-9.060992e-03	-9.060992e-03
5.263158e-03	9.999495e-02	9.999495e-02	2.783934e-06	-9.068064e-03	-9.068064e-03
1.052632e-02	1.000757e-01	1.000757e-01	1.113573e-05	-9.074631e-03	-9.074631e-03
1.578947e-02	1.001565e-01	1.001565e-01	2.505540e-05	-9.080694e-03	-9.080694e-03
2.105263e-02	1.002373e-01	1.002373e-01	4.454294e-05	-9.086251e-03	-9.086251e-03
2.631579e-02	1.003180e-01	1.003180e-01	6.959834e-05	-9.091304e-03	-9.091304e-03
3.157895e-02	1.003988e-01	1.003988e-01	1.002216e-04	-9.095851e-03	-9.095851e-03
3.684211e-02	1.004796e-01	1.004796e-01	1.364127e-04	-9.099894e-03	-9.099894e-03
4.210526e-02	1.005603e-01	1.005603e-01	1.781717e-04	-9.103432e-03	-9.103432e-03
4.736842e-02	1.006411e-01	1.006411e-01	2.254986e-04	-9.106464e-03	-9.106464e-03
5.263158e-02	1.007219e-01	1.007219e-01	2.783934e-04	-9.108992e-03	-9.108992e-03
5.789474e-02	1.008026e-01	1.008026e-01	3.368560e-04	-9.111015e-03	-9.111015e-03
6.315789e-02	1.008834e-01	1.008834e-01	4.008864e-04	-9.112533e-03	-9.112533e-03
6.842105e-02	1.009642e-01	1.009642e-01	4.704848e-04	-9.113546e-03	-9.113546e-03
7.368421e-02	1.010449e-01	1.010449e-01	5.456510e-04	-9.114054e-03	-9.114054e-03
7.894737e-02	1.011257e-01	1.011257e-01	6.263850e-04	-9.114057e-03	-9.114057e-03
8.421053e-02	1.012065e-01	1.012065e-01	7.126870e-04	-9.113555e-03	-9.113555e-03
8.947368e-02	1.012872e-01	1.012872e-01	8.045568e-04	-9.112549e-03	-9.112549e-03
9.473684e-02	1.013680e-01	1.013680e-01	9.019945e-04	-9.111037e-03	-9.111037e-03
1.000000e-01	1.014488e-01	1.014488e-01	1.005000e-03	-9.109020e-03	-9.109020e-03
1.000000e-01	1.014488e-01	1.014488e-01	1.005000e-03	-9.109020e-03	-9.109020e-03
1.052632e-01	1.015295e-01	1.015295e-01	1.113573e-03	-9.106499e-03	-9.106499e-03
1.105263e-01	1.016103e-01	1.016103e-01	1.227715e-03	-9.103472e-03	-9.103472e-03
1.157895e-01	1.016911e-01	1.016911e-01	1.347424e-03	-9.099941e-03	-9.099941e-03
1.210526e-01	1.017719e-01	1.017719e-01	1.472701e-03	-9.095904e-03	-9.095904e-03
1.263158e-01	1.018526e-01	1.018526e-01	1.603546e-03	-9.091363e-03	-9.091363e-03
1.315789e-01	1.019334e-01	1.019334e-01	1.739958e-03	-9.086317e-03	-9.086317e-03
1.368421e-01	1.020142e-01	1.020142e-01	1.881939e-03	-9.080765e-03	-9.080766e-03
1.421053e-01	1.020949e-01	1.020949e-01	2.029488e-03	-9.074709e-03	-9.074710e-03
1.473684e-01	1.021757e-01	1.021757e-01	2.182604e-03	-9.068148e-03	-9.068148e-03
1.526316e-01	1.022565e-01	1.022565e-01	2.341288e-03	-9.061082e-03	-9.061082e-03
1.578947e-01	1.023372e-01	1.023372e-01	2.505540e-03	-9.053511e-03	-9.053512e-03
1.631579e-01	1.024180e-01	1.024180e-01	2.675360e-03	-9.045435e-03	-9.045436e-03
1.684211e-01	1.024988e-01	1.024988e-01	2.850748e-03	-9.036854e-03	-9.036855e-03
1.736842e-01	1.025795e-01	1.025795e-01	3.031704e-03	-9.027769e-03	-9.027769e-03
1.789474e-01	1.026603e-01	1.026603e-01	3.218227e-03	-9.018178e-03	-9.018178e-03
1.842105e-01	1.027411e-01	1.027411e-01	3.410319e-03	-9.008082e-03	-9.008083e-03
1.894737e-01	1.028218e-01	1.028218e-01	3.607978e-03	-8.997482e-03	-8.997482e-03
1.947368e-01	1.029026e-01	1.029026e-01	3.811205e-03	-8.986376e-03	-8.986377e-03
2.000000e-01	1.029834e-01	1.029834e-01	4.020000e-03	-8.974766e-03	-8.974766e-03
2.000000e-01	1.029834e-01	1.029834e-01	4.020000e-03	-8.974767e-03	-8.974766e-03
2.052632e-01	1.030642e-01	1.030642e-01	4.234363e-03	-8.962651e-03	-8.962651e-03
2.105263e-01	1.031449e-01	1.031449e-01	4.454294e-03	-8.950031e-03	-8.950031e-03
2.157895e-01	1.032257e-01	1.032257e-01	4.679792e-03	-8.936907e-03	-8.936905e-03
2.210526e-01	1.033065e-01	1.033065e-01	4.910859e-03	-8.923277e-03	-8.923275e-03
2.263158e-01	1.033872e-01	1.033872e-01	5.147493e-03	-8.909142e-03	-8.909140e-03
2.315789e-01	1.034680e-01	1.034680e-01	5.389695e-03	-8.894502e-03	-8.894500e-03
2.368421e-01	1.035488e-01	1.035488e-01	5.637465e-03	-8.879358e-03	-8.879355e-03
2.421053e-01	1.036295e-01	1.036295e-01	5.890803e-03	-8.863708e-03	-8.863705e-03
2.473684e-01	1.037103e-01	1.037103e-01	6.149709e-03	-8.847554e-03	-8.847550e-03
2.526316e-01	1.037911e-01	1.037911e-01	6.414183e-03	-8.830895e-03	-8.830890e-03
2.578947e-01	1.038718e-01	1.038718e-01	6.684224e-03	-8.813731e-03	-8.813726e-03
2.631579e-01	1.039526e-01	1.039526e-01	6.959834e-03	-8.796062e-03	-8.796056e-03
2.684211e-01	1.040334e-01	1.040334e-01	7.241011e-03	-8.777888e-03	-8.777881e-03
2.736842e-01	1.041141e-01	1.041141e-01	7.527756e-03	-8.759209e-03	-8.759202e-03
2.789474e-01	1.041949e-01	1.041949e-01	7.820069e-03	-8.740025e-03	-8.740017e-03
2.842105e-01	1.042757e-01	1.042757e-01	8.117950e-03	-8.720336e-03	-8.720328e-03
2.894737e-01	1.043565e-01	1.043564e-01	8.421399e-03	-8.700143e-03	-8.700134e-03
2.947368e-01	1.044372e-01	1.044372e-01	8.730416e-03	-8.679444e-03	-8.679434e-03
3.000000e-01	1.045180e-01	1.045180e-01	9.045000e-03	-8.658240e-03	-8.658230e-03
3.000000e-01	1.045180e-01	1.045180e-01	9.045000e-03	-8.658238e-03	-8.658230e-03
3.052632e-01	1.045988e-01	1.045988e-01	9.365152e-03	-8.636528e-03	-8.636521e-03
3.105263e-01	1.046795e-01	1.046795e-01	9.690873e-03	-8.614312e-03	-8.614307e-03
3.157895e-01	1.047603e-01	1.047603e-01	1.002216e-02	-8.591591e-03	-8.591588e-03
3.210526e-01	1.048411e-01	1.048411e-01	1.035902e-02	-8.568364e-03	-8.568364e-03
3.263158e-01	1.049218e-01	1.049218e-01	1.070144e-02	-8.544632e-03	-8.544635e-03
3.315789e-01	1.050026e-01	1.050026e-01	1.104943e-02	-8.520394e-03	-8.520401e-03
3.368421e-01	1.050834e-01	1.050834e-01	1.140299e-02	-8.495651e-03	-8.495662e-03
3.421053e-01	1.051641e-01	1.051641e-01	1.176212e-02	-8.470403e-03	-8.470418e-03
3.473684e-01	1.052449e-01	1.052449e-01	1.212681e-02	-8.444648e-03	-8.444670e-03
3.526316e-01	1.053256e-01	1.053257e-01	1.249708e-02	-8.418389e-03	-8.418416e-03
3.578947e-01	1.054064e-01	1.054064e-01	1.287291e-02	-8.391624e-03	-8.391658e-03
3.631579e-01	1.054872e-01	1.054872e-01	1.325431e-02	-8.364353e-03	-8.364394e-03
3.684211e-01	1.055679e-01	1.055680e-01	1.364127e-02	-8.336577e-03	-8.336626e-03
3.736842e-01	1.056487e-01	1.056487e-01	1.403381e-02	-8.308296e-03	-8.308352e-03
3.789474e-01	1.057295e-01	1.057295e-01	1.443191e-02	-8.279509e-03	-8.279574e-03
3.842105e-01	1.058102e-01	1.058103e-01	1.483558e-02	-8.250216e-03	-8.250291e-03
3.894737e-01	1.058910e-01	1.058911e-01	1.524482e-02	-8.220418e-03	-8.220503e-03
3.947368e-01	1.059717e-01	1.059718e-01	1.565963e-02	-8.190115e-03	-8.190209e-03
4.000000e-01	1.060525e-01	1.060526e-01	1.608000e-02	-8.159306e-03	-8.159411e-03
4.000000e-01	1.060525e-01	1.060526e-01	1.608000e-02	-8.159298e-03	-8.159411e-03
4.052632e-01	1.061332e-01	1.061334e-01	1.650594e-02	-8.127987e-03	-8.128108e-03
4.105263e-01	1.062140e-01	1.062141e-01	1.693745e-02	-8.096175e-03	-8.096301e-03
4.157895e-01	1.062948e-01	1.062949e-01	1.737453e-02	-8.063862e-03	-8.063988e-03
4.210526e-01	1.063755e-01	1.063757e-01	1.781717e-02	-8.031046e-03	-8.031170e-03
4.263158e-01	1.064563e-01	1.064564e-01	1.826539e-02	-7.997730e-03	-7.997847e-03
4.315789e-01	1.065371e-01	1.065372e-01	1.871917e-02	-7.963911e-03	-7.964019e-03
4.368421e-01	1.066179e-01	1.066180e-01	1.917852e-02	-7.929592e-03	-7.929687e-03
4.421053e-01	1.066987e-01	1.066987e-01	1.964343e-02	-7.894770e-03	-7.894849e-03
4.473684e-01	1.067794e-01	1.067795e-01	2.011392e-02	-7.859448e-03	-7.859507e-03
4.526316e-01	1.068602e-01	1.068603e-01	2.058997e-02	-7.823623e-03	-7.823659e-03
4.578947e-01	1.069410e-01	1.069410e-01	2.107159e-02	-7.787297e-03	-7.787307e-03
4.631579e-01	1.070218e-01	1.070218e-01	2.155878e-02	-7.750470e-03	-7.750450e-03
4.684211e-01	1.071026e-01	1.071026e-01	2.205154e-02	-7.713141e-03	-7.713088e-03
4.736842e-01	1.071834e-01	1.071833e-01	2.254986e-02	-7.675311e-03	-7.675220e-03
4.789474e-01	1.072643e-01	1.072641e-01	2.305375e-02	-7.636979e-03	-7.636848e-03
4.842105e-01	1.073451e-01	1.073449e-01	2.356321e-02	-7.598146e-03	-7.597971e-03
4.894737e-01	1.074259e-01	1.074257e-01	2.407824e-02	-7.558811e-03	-7.558589e-03
4.947368e-01	1.075067e-01	1.075064e-01	2.459884e-02	-7.518974e-03	-7.518702e-03
5.000000e-01	1.075875e-01	1.075872e-01	2.512500e-02	-7.478636e-03	-7.478310e-03
5.000000e-01	1.075877e-01	1.075872e-01	2.512500e-02	-7.478794e-03	-7.478310e-03
5.052632e-01	1.076686e-01	1.076680e-01	2.565673e-02	-7.438013e-03	-7.437414e-03
5.105263e-01	1.077495e-01	1.077487e-01	2.619403e-02	-7.396730e-03	-7.396012e-03
5.157895e-01	1.078304e-01	1.078295e-01	2.673690e-02	-7.354945e-03	-7.354105e-03
5.210526e-01	1.079113e-01	1.079103e-01	2.728533e-02	-7.312657e-03	-7.311694e-03
5.263158e-01	1.079921e-01	1.079910e-01	2.783934e-02	-7.269867e-03	-7.268777e-03
5.315789e-01	1.080730e-01	1.080718e-01	2.839891e-02	-7.226574e-03	-7.225356e-03
5.368421e-01	1.081540e-01	1.081526e-01	2.896404e-02	-7.182779e-03	-7.181429e-03
5.421053e-01	1.082349e-01	1.082333e-01	2.953475e-02	-7.138481e-03	-7.136998e-03
5.473684e-01	1.083158e-01	1.083141e-01	3.011102e-02	-7.093681e-03	-7.092062e-03
5.526316e-01	1.083967e-01	1.083949e-01	3.069287e-02	-7.048379e-03	-7.046620e-03
5.578947e-01	1.084776e-01	1.084756e-01	3.128028e-02	-7.002574e-03	-7.000674e-03
5.631579e-01	1.085585e-01	1.085564e-01	3.187325e-02	-6.956267e-03	-6.954223e-03
5.684211e-01	1.086394e-01	1.086372e-01	3.247180e-02	-6.909457e-03	-6.907267e-03
5.736842e-01	1.087204e-01	1.087180e-01	3.307591e-02	-6.862145e-03	-6.859806e-03
5.789474e-01	1.088013e-01	1.087987e-01	3.368560e-02	-6.814330e-03	-6.811840e-03
5.842105e-01	1.088822e-01	1.088795e-01	3.430084e-02	-6.766013e-03	-6.763369e-03
5.894737e-01	1.089632e-01	1.089603e-01	3.492166e-02	-6.717193e-03	-6.714393e-03
5.947368e-01	1.090441e-01	1.090410e-01	3.554805e-02	-6.667871e-03	-6.664913e-03
6.000000e-01	1.091250e-01	1.091218e-01	3.618000e-02	-6.618047e-03	-6.614927e-03
6.000000e-01	1.091243e-01	1.091218e-01	3.618000e-02	-6.617616e-03	-6.614927e-03
6.052632e-01	1.092050e-01	1.092026e-01	3.681752e-02	-6.566907e-03	-6.564436e-03
6.105263e-01	1.092855e-01	1.092833e-01	3.746061e-02	-6.515598e-03	-6.513441e-03
6.157895e-01	1.093659e-01	1.093641e-01	3.810927e-02	-6.463690e-03	-6.461940e-03
6.210526e-01	1.094462e-01	1.094449e-01	3.876349e-02	-6.411184e-03	-6.409935e-03
6.263158e-01	1.095264e-01	1.095256e-01	3.942328e-02	-6.358078e-03	-6.357425e-03
6.315789e-01	1.096065e-01	1.096064e-01	4.008864e-02	-6.304372e-03	-6.304409e-03
6.368421e-01	1.096864e-01	1.096872e-01	4.075957e-02	-6.250068e-03	-6.250889e-03
6.421053e-01	1.097662e-01	1.097679e-01	4.143607e-02	-6.195164e-03	-6.196864e-03
6.473684e-01	1.098459e-01	1.098487e-01	4.211813e-02	-6.139662e-03	-6.142334e-03
6.526316e-01	1.099254e-01	1.099295e-01	4.280576e-02	-6.083560e-03	-6.087299e-03
6.578947e-01	1.100049e-01	1.100102e-01	4.349896e-02	-6.026859e-03	-6.031759e-03
6.631579e-01	1.100842e-01	1.100910e-01	4.419773e-02	-5.969559e-03	-5.975714e-03
6.684211e-01	1.101634e-01	1.101718e-01	4.490206e-02	-5.911659e-03	-5.919164e-03
6.736842e-01	1.102425e-01	1.102526e-01	4.561197e-02	-5.853161e-03	-5.862109e-03
6.789474e-01	1.103214e-01	1.103333e-01	4.632744e-02	-5.794063e-03	-5.804550e-03
6.842105e-01	1.104002e-01	1.104141e-01	4.704848e-02	-5.734366e-03	-5.746485e-03
6.894737e-01	1.104789e-01	1.104949e-01	4.777508e-02	-5.674070e-03	-5.687915e-03
6.947368e-01	1.105575e-01	1.105756e-01	4.850726e-02	-5.613175e-03	-5.628841e-03
7.000000e-01	1.106360e-01	1.106564e-01	4.924500e-02	-5.551680e-03	-5.569261e-03
7.000000e-01	1.106320e-01	1.106564e-01	4.924500e-02	-5.549774e-03	-5.569261e-03
7.052632e-01	1.107098e-01	1.107372e-01	4.998831e-02	-5.486550e-03	-5.509177e-03
7.105263e-01	1.107872e-01	1.108179e-01	5.073719e-02	-5.422672e-03	-5.448587e-03
7.157895e-01	1.108644e-01	1.108987e-01	5.149163e-02	-5.358139e-03	-5.387493e-03
7.210526e-01	1.109412e-01	1.109795e-01	5.225165e-02	-5.292951e-03	-5.325894e-03
7.263158e-01	1.110178e-01	1.110602e-01	5.301723e-02	-5.227109e-03	-5.263790e-03
7.315789e-01	1.110941e-01	1.111410e-01	5.378838e-02	-5.160611e-03	-5.201181e-03
7.368421e-01	1.111701e-01	1.112218e-01	5.456510e-02	-5.093458e-03	-5.138067e-03
7.421053e-01	1.112458e-01	1.113025e-01	5.534738e-02	-5.025651e-03	-5.074448e-03
7.473684e-01	1.113212e-01	1.113833e-01	5.613524e-02	-4.957188e-03	-5.010324e-03
7.526316e-01	1.113963e-01	1.114641e-01	5.692866e-02	-4.888071e-03	-4.945695e-03
7.578947e-01	1.114711e-01	1.115449e-01	5.772765e-02	-4.818299e-03	-4.880561e-03
7.631579e-01	1.115456e-01	1.116256e-01	5.853220e-02	-4.747872e-03	-4.814922e-03
7.684211e-01	1.116198e-01	1.117064e-01	5.934233e-02	-4.676790e-03	-4.748779e-03
7.736842e-01	1.116938e-01	1.117872e-01	6.015802e-02	-4.605053e-03	-4.682130e-03
7.789474e-01	1.117674e-01	1.118679e-01	6.097928e-02	-4.532661e-03	-4.614977e-03
7.842105e-01	1.118408e-01	1.119487e-01	6.180611e-02	-4.459615e-03	-4.547318e-03
7.894737e-01	1.119138e-01	1.120295e-01	6.263850e-02	-4.385913e-03	-4.479155e-03
7.947368e-01	1.119866e-01	1.121102e-01	6.347647e-02	-4.311557e-03	-4.410486e-03
8.000000e-01	1.120590e-01	1.121910e-01	6.432000e-02	-4.236545e-03	-4.341313e-03
8.000000e-01	1.120550e-01	1.121910e-01	6.432000e-02	-4.240057e-03	-4.341313e-03
8.052632e-01	1.121301e-01	1.122718e-01	6.516910e-02	-4.163834e-03	-4.271635e-03
8.105263e-01	1.122050e-01	1.123525e-01	6.602377e-02	-4.087316e-03	-4.201452e-03
8.157895e-01	1.122796e-01	1.124333e-01	6.688400e-02	-4.010503e-03	-4.130764e-03
8.210526e-01	1.123541e-01	1.125141e-01	6.774981e-02	-3.933395e-03	-4.059571e-03
8.263158e-01	1.124283e-01	1.125948e-01	6.862118e-02	-3.855992e-03	-3.987873e-03
8.315789e-01	1.125022e-01	1.126756e-01	6.949812e-02	-3.778294e-03	-3.915670e-03
8.368421e-01	1.125760e-01	1.127564e-01	7.038062e-02	-3.700301e-03	-3.842962e-03
8.421053e-01	1.126496e-01	1.128371e-01	7.126870e-02	-3.622013e-03	-3.769749e-03
8.473684e-01	1.127229e-01	1.129179e-01	7.216234e-02	-3.543430e-03	-3.696031e-03
8.526316e-01	1.127960e-01	1.129987e-01	7.306155e-02	-3.464553e-03	-3.621809e-03
8.578947e-01	1.128689e-01	1.130795e-01	7.396633e-02	-3.385380e-03	-3.547081e-03
8.631579e-01	1.129416e-01	1.131602e-01	7.487668e-02	-3.305912e-03	-3.471849e-03
8.684211e-01	1.130140e-01	1.132410e-01	7.579259e-02	-3.226150e-03	-3.396111e-03
8.736842e-01	1.130862e-01	1.133218e-01	7.671407e-02	-3.146092e-03	-3.319869e-03
8.789474e-01	1.131583e-01	1.134025e-01	7.764112e-02	-3.065740e-03	-3.243121e-03
8.842105e-01	1.132300e-01	1.134833e-01	7.857374e-02	-2.985093e-03	-3.165869e-03
8.894737e-01	1.133016e-01	1.135641e-01	7.951193e-02	-2.904151e-03	-3.088112e-03
8.947368e-01	1.133730e-01	1.136448e-01	8.045568e-02	-2.822914e-03	-3.009850e-03
9.000000e-01	1.134441e-01	1.137256e-01	8.140500e-02	-2.741381e-03	-2.931083e-03
9.000000e-01	1.133945e-01	1.137256e-01	8.140500e-02	-2.774448e-03	-2.931083e-03
9.052632e-01	1.134959e-01	1.138064e-01	8.235989e-02	-2.681396e-03	-2.851811e-03
9.105263e-01	1.135948e-01	1.138871e-01	8.332035e-02	-2.589811e-03	-2.772034e-03
9.157895e-01	1.136912e-01	1.139679e-01	8.428637e-02	-2.499694e-03	-2.691752e-03
9.210526e-01	1.137850e-01	1.140487e-01	8.525796e-02	-2.411045e-03	-2.610965e-03
9.263158e-01	1.138763e-01	1.141294e-01	8.623512e-02	-2.323863e-03	-2.529673e-03
9.315789e-01	1.139651e-01	1.142102e-01	8.721785e-02	-2.238148e-03	-2.447876e-03
9.368421e-01	1.140514e-01	1.142910e-01	8.820615e-02	-2.153902e-03	-2.365575e-03
9.421053e-01	1.141351e-01	1.143718e-01	8.920001e-02	-2.071123e-03	-2.282768e-03
9.473684e-01	1.142163e-01	1.144525e-01	9.019945e-02	-1.989812e-03	-2.199457e-03
9.526316e-01	1.142949e-01	1.145333e-01	9.120445e-02	-1.909968e-03	-2.115640e-03
9.578947e-01	1.143711e-01	1.146141e-01	9.221501e-02	-1.831592e-03	-2.031319e-03
9.631579e-01	1.144447e-01	1.146948e-01	9.323115e-02	-1.754683e-03	-1.946492e-03
9.684211e-01	1.145157e-01	1.147756e-01	9.425285e-02	-1.679243e-03	-1.861161e-03
9.736842e-01	1.145843e-01	1.148564e-01	9.528012e-02	-1.605269e-03	-1.775325e-03
9.789474e-01	1.146503e-01	1.149371e-01	9.631296e-02	-1.532764e-03	-1.688984e-03
9.842105e-01	1.147138e-01	1.150179e-01	9.735137e-02	-1.461726e-03	-1.602138e-03
9.894737e-01	1.147747e-01	1.150987e-01	9.839535e-02	-1.392156e-03	-1.514787e-03
9.947368e-01	1.148331e-01	1.151794e-01	9.944489e-02	-1.324053e-03	-1.426931e-03
1.000000e+00	1.148890e-01	1.152602e-01	1.005000e-01	-1.257418e-03	-1.338570e-03
1.000000e+00	1.142384e-01	1.152602e-01	1.005000e-01	-1.442727e-03	-1.338570e-03
1.005263e+00	1.143935e-01	1.153410e-01	1.015607e-01	-1.414496e-03	-1.249704e-03
1.010526e+00	1.145745e-01	1.154217e-01	1.026269e-01	-1.380965e-03	-1.160333e-03
1.015789e+00	1.147812e-01	1.155025e-01	1.036987e-01	-1.342134e-03	-1.070457e-03
1.021053e+00	1.150139e-01	1.155833e-01	1.047761e-01	-1.298003e-03	-9.800767e-04
1.026316e+00	1.152724e-01	1.156640e-01	1.058591e-01	-1.248571e-03	-8.891911e-04
1.031579e+00	1.155567e-01	1.157448e-01	1.069476e-01	-1.193839e-03	-7.978006e-04
1.036842e+00	1.158669e-01	1.158256e-01	1.080417e-01	-1.133807e-03	-7.059051e-04
1.042105e+00	1.162029e-01	1.159064e-01	1.091413e-01	-1.068474e-03	-6.135047e-04
1.047368e+00	1.165647e-01	1.159871e-01	1.102466e-01	-9.978416e-04	-5.205994e-04
1.052632e+00	1.169525e-01	1.160679e-01	1.113573e-01	-9.219086e-04	-4.271891e-04
1.057895e+00	1.173660e-01	1.161487e-01	1.124737e-01	-8.406753e-04	-3.332739e-04
1.063158e+00	1.178054e-01	1.162294e-01	1.135956e-01	-7.541418e-04	-2.388538e-04
1.068421e+00	1.182707e-01	1.163102e-01	1.147231e-01	-6.623081e-04	-1.439287e-04
1.073684e+00	1.187618e-01	1.163910e-01	1.158562e-01	-5.651740e-04	-4.849865e-05
1.078947e+00	1.192787e-01	1.169948e-01	1.169948e-01	-4.627397e-04	0.000000e+00
1.084211e+00	1.198215e-01	1.181390e-01	1.181390e-01	-3.550052e-04	0.000000e+00
1.089474e+00	1.203902e-01	1.192888e-01	1.192888e-01	-2.419704e-04	0.000000e+00
1.094737e+00	1.209847e-01	1.204441e-01	1.204441e-01	-1.236353e-04	0.000000e+00
1.100000e+00	1.216050e-01	1.216050e-01	1.216050e-01	0.000000e+00	0.000000e+00
1.100000e+00	1.216050e-01	1.216050e-01	1.216050e-01	0.000000e+00	0.000000e+00
1.105263e+00	1.227715e-01	1.227715e-01	1.227715e-01	0.000000e+00	0.000000e+00
1.110526e+00	1.239435e-01	1.239435e-01	1.239435e-01	0.000000e+00	0.000000e+00
1.115789e+00	1.251211e-01	1.251211e-01	1.251211e-01	0.000000e+00	0.000000e+00
1.121053e+00	1.263043e-01	1.263043e-01	1.263043e-01	0.000000e+00	0.000000e+00
1.126316e+00	1.274930e-01	1.274930e-01	1.274930e-01	0.000000e+00	0.000000e+00
1.131579e+00	1.286873e-01	1.286873e-01	1.286873e-01	0.000000e+00	0.000000e+00
1.136842e+00	1.298872e-01	1.298872e-01	1.298872e-01	0.000000e+00	0.000000e+00
1.142105e+00	1.310926e-01	1.310926e-01	1.310926e-01	0.000000e+00	0.000000e+00
1.147368e+00	1.323037e-01	1.323037e-01	1.323037e-01	0.000000e+00	0.000000e+00
1.152632e+00	1.335202e-01	1.335202e-01	1.335202e-01	0.000000e+00	0.000000e+00
1.157895e+00	1.347424e-01	1.347424e-01	1.347424e-01	0.000000e+00	0.000000e+00
1.163158e+00	1.359701e-01	1.359701e-01	1.359701e-01	0.000000e+00	0.000000e+00
1.168421e+00	1.372034e-01	1.372034e-01	1.372034e-01	0.000000e+00	0.000000e+00
1.173684e+00	1.384422e-01	1.384422e-01	1.384422e-01	0.000000e+00	0.000000e+00
1.178947e+00	1.396866e-01	1.396866e-01	1.396866e-01	0.000000e+00	0.000000e+00
1.184211e+00	1.409366e-01	1.409366e-01	1.409366e-01	0.000000e+00	0.000000e+00
1.189474e+00	1.421922e-01	1.421922e-01	1.421922e-01	0.000000e+00	0.000000e+00
1.194737e+00	1.434533e-01	1.434533e-01	1.434533e-01	0.000000e+00	0.000000e+00
1.200000e+00	1.447200e-01	1.447200e-01	1.447200e-01	0.000000e+00	0.000000e+00
1.200000e+00	1.447200e-01	1.447200e-01	1.447200e-01	0.000000e+00	0.000000e+00
1.205263e+00	1.459923e-01	1.459923e-01	1.459923e-01	0.000000e+00	0.000000e+00
1.210526e+00	1.472701e-01	1.472701e-01	1.472701e-01	0.000000e+00	0.000000e+00
1.215789e+00	1.485535e-01	1.485535e-01	1.485535e-01	0.000000e+00	0.000000e+00
1.221053e+00	1.498424e-01	1.498424e-01	1.498424e-01	0.000000e+00	0.000000e+00
1.226316e+00	1.511370e-01	1.511370e-01	1.511370e-01	0.000000e+00	0.000000e+00
1.231579e+00	1.524371e-01	1.524371e-01	1.524371e-01	0.000000e+00	0.000000e+00
1.236842e+00	1.537427e-01	1.537427e-01	1.537427e-01	0.000000e+00	0.000000e+00
1.242105e+00	1.550540e-01	1.550540e-01	1.550540e-01	0.000000e+00	0.000000e+00
1.247368e+00	1.563708e-01	1.563708e-01	1.563708e-01	0.000000e+00	0.000000e+00
1.252632e+00	1.576931e-01	1.576931e-01	1.576931e-01	0.000000e+00	0.000000e+00
1.257895e+00	1.590211e-01	1.590211e-01	1.590211e-01	0.000000e+00	0.000000e+00
1.263158e+00	1.603546e-01	1.603546e-01	1.603546e-01	0.000000e+00	0.000000e+00
1.268421e+00	1.616936e-01	1.616936e-01	1.616936e-01	0.000000e+00	0.000000e+00
1.273684e+00	1.630383e-01	1.630383e-01	1.630383e-01	0.000000e+00	0.000000e+00
1.278947e+00	1.643885e-01	1.643885e-01	1.643885e-01	0.000000e+00	0.000000e+00
1.284211e+00	1.657443e-01	1.657443e-01	1.657443e-01	0.000000e+00	0.000000e+00
1.289474e+00	1.671056e-01	1.671056e-01	1.671056e-01	0.000000e+00	0.000000e+00
1.294737e+00	1.684725e-01	1.684725e-01	1.684725e-01	0.000000e+00	0.000000e+00
1.300000e+00	1.698450e-01	1.698450e-01	1.698450e-01	0.000000e+00	0.000000e+00
1.300000e+00	1.698450e-01	1.698450e-01	1.698450e-01	0.000000e+00	0.000000e+00
1.305263e+00	1.712230e-01	1.712230e-01	1.712230e-01	0.000000e+00	0.000000e+00
1.310526e+00	1.726067e-01	1.726067e-01	1.726067e-01	0.000000e+00	0.000000e+00
1.315789e+00	1.739958e-01	1.739958e-01	1.739958e-01	0.000000e+00	0.000000e+00
1.321053e+00	1.753906e-01	1.753906e-01	1.753906e-01	0.000000e+00	0.000000e+00
1.326316e+00	1.767909e-01	1.767909e-01	1.767909e-01	0.000000e+00	0.000000e+00
1.331579e+00	1.781968e-01	1.781968e-01	1.781968e-01	0.000000e+00	0.000000e+00
1.336842e+00	1.796083e-01	1.796083e-01	1.796083e-01	0.000000e+00	0.000000e+00
1.342105e+00	1.810253e-01	1.810253e-01	1.810253e-01	0.000000e+00	0.000000e+00
1.347368e+00	1.824479e-01	1.824479e-01	1.824479e-01	0.000000e+00	0.000000e+00
1.352632e+00	1.838760e-01	1.838760e-01	1.838760e-01	0.000000e+00	0.000000e+00
1.357895e+00	1.853098e-01	1.853098e-01	1.853098e-01	0.000000e+00	0.000000e+00
1.363158e+00	1.867490e-01	1.867490e-01	1.867490e-01	0.000000e+00	0.000000e+00
1.368421e+00	1.881939e-01	1.881939e-01	1.881939e-01	0.000000e+00	0.000000e+00
1.373684e+00	1.896443e-01	1.896443e-01	1.896443e-01	0.000000e+00	0.000000e+00
1.378947e+00	1.911003e-01	1.911003e-01	1.911003e-01	0.000000e+00	0.000000e+00
1.384211e+00	1.925619e-01	1.925619e-01	1.925619e-01	0.000000e+00	0.000000e+00
1.389474e+00	1.940290e-01	1.940290e-01	1.940290e-01	0.000000e+00	0.000000e+00
1.394737e+00	1.955017e-01	1.955017e-01	1.955017e-01	0.000000e+00	0.000000e+00
1.400000e+00	1.969800e-01	1.969800e-01	1.969800e-01	0.000000e+00	0.000000e+00
1.400000e+00	1.969800e-01	1.969800e-01	1.969800e-01	0.000000e+00	0.000000e+00
1.405263e+00	1.984638e-01	1.984638e-01	1.984638e-01	0.000000e+00	0.000000e+00
1.410526e+00	1.999532e-01	1.999532e-01	1.999532e-01	0.000000e+00	0.000000e+00
1.415789e+00	2.014482e-01	2.014482e-01	2.014482e-01	0.000000e+00	0.000000e+00
1.421053e+00	2.029488e-01	2.029488e-01	2.029488e-01	0.000000e+00	0.000000e+00
1.426316e+00	2.044549e-01	2.044549e-01	2.044549e-01	0.000000e+00	0.000000e+00
1.431579e+00	2.059665e-01	2.059665e-01	2.059665e-01	0.000000e+00	0.000000e+00
1.436842e+00	2.074838e-01	2.074838e-01	2.074838e-01	0.000000e+00	0.000000e+00
1.442105e+00	2.090066e-01	2.090066e-01	2.090066e-01	0.000000e+00	0.000000e+00
1.447368e+00	2.105350e-01	2.105350e-01	2.105350e-01	0.000000e+00	0.000000e+00
1.452632e+00	2.120689e-01	2.120689e-01	2.120689e-01	0.000000e+00	0.000000e+00
1.457895e+00	2.136084e-01	2.136084e-01	2.136084e-01	0.000000e+00	0.000000e+00
1.463158e+00	2.151535e-01	2.151535e-01	2.151535e-01	0.000000e+00	0.000000e+00
1.468421e+00	2.167042e-01	2.167042e-01	2.167042e-01	0.000000e+00	0.000000e+00
1.473684e+00	2.182604e-01	2.182604e-01	2.182604e-01	0.000000e+00	0.000000e+00
1.478947e+00	2.198222e-01	2.198222e-01	2.198222e-01	0.000000e+00	0.000000e+00
1.484211e+00	2.213895e-01	2.213895e-01	2.213895e-01	0.000000e+00	0.000000e+00
1.489474e+00	2.229625e-01	2.229625e-01	2.229625e-01	0.000000e+00	0.000000e+00
1.494737e+00	2.245409e-01	2.245409e-01	2.245409e-01	0.000000e+00	0.000000e+00
1.500000e+00	2.261250e-01	2.261250e-01	2.261250e-01	0.000000e+00	0.000000e+00
