-1.500000e+00	2.261250e-01	2.261250e-01	2.261250e-01	0.000000e+00	0.000000e+00
-1.494737e+00	2.245409e-01	2.245409e-01	2.245409e-01	0.000000e+00	0.000000e+00
-1.489474e+00	2.229625e-01	2.229625e-01	2.229625e-01	0.000000e+00	0.000000e+00
-1.484211e+00	2.213895e-01	2.213895e-01	2.213895e-01	0.000000e+00	0.000000e+00
-1.478947e+00	2.198222e-01	2.198222e-01	2.198222e-01	0.000000e+00	0.000000e+00
-1.473684e+00	2.182604e-01	2.182604e-01	2.182604e-01	0.000000e+00	0.000000e+00
-1.468421e+00	2.167042e-01	2.167042e-01	2.167042e-01	0.000000e+00	0.000000e+00
-1.463158e+00	2.151535e-01	2.151535e-01	2.151535e-01	0.000000e+00	0.000000e+00
-1.457895e+00	2.136084e-01	2.136084e-01	2.136084e-01	0.000000e+00	0.000000e+00
-1.452632e+00	2.120689e-01	2.120689e-01	2.120689e-01	0.000000e+00	0.000000e+00
-1.447368e+00	2.105350e-01	2.105350e-01	2.105350e-01	0.000000e+00	0.000000e+00
-1.442105e+00	2.090066e-01	2.090066e-01	2.090066e-01	0.000000e+00	0.000000e+00
-1.436842e+00	2.074838e-01	2.074838e-01	2.074838e-01	0.000000e+00	0.000000e+00
-1.431579e+00	2.059665e-01	2.059665e-01	2.059665e-01	0.000000e+00	0.000000e+00
-1.426316e+00	2.044549e-01	2.044549e-01	2.044549e-01	0.000000e+00	0.000000e+00
-1.421053e+00	2.029488e-01	2.029488e-01	2.029488e-01	0.000000e+00	0.000000e+00
-1.415789e+00	2.014482e-01	2.014482e-01	2.014482e-01	0.000000e+00	0.000000e+00
-1.410526e+00	1.999532e-01	1.999532e-01	1.999532e-01	0.000000e+00	0.000000e+00
-1.405263e+00	1.984638e-01	1.984638e-01	1.984638e-01	0.000000e+00	0.000000e+00
-1.400000e+00	1.969800e-01	1.969800e-01	1.969800e-01	0.000000e+00	0.000000e+00
-1.400000e+00	1.969800e-01	1.969800e-01	1.969800e-01	0.000000e+00	0.000000e+00
-1.394737e+00	1.955017e-01	1.955017e-01	1.955017e-01	0.000000e+00	0.000000e+00
-1.389474e+00	1.940290e-01	1.940290e-01	1.940290e-01	0.000000e+00	0.000000e+00
-1.384211e+00	1.925619e-01	1.925619e-01	1.925619e-01	0.000000e+00	0.000000e+00
-1.378947e+00	1.911003e-01	1.911003e-01	1.911003e-01	0.000000e+00	0.000000e+00
-1.373684e+00	1.896443e-01	1.896443e-01	1.896443e-01	0.000000e+00	0.000000e+00
-1.368421e+00	1.881939e-01	1.881939e-01	1.881939e-01	0.000000e+00	0.000000e+00
-1.363158e+00	1.867490e-01	1.867490e-01	1.867490e-01	0.000000e+00	0.000000e+00
-1.357895e+00	1.853098e-01	1.853098e-01	1.853098e-01	0.000000e+00	0.000000e+00
-1.352632e+00	1.838760e-01	1.838760e-01	1.838760e-01	0.000000e+00	0.000000e+00
-1.347368e+00	1.824479e-01	1.824479e-01	1.824479e-01	0.000000e+00	0.000000e+00
-1.342105e+00	1.810253e-01	1.810253e-01	1.810253e-01	0.000000e+00	0.000000e+00
-1.336842e+00	1.796083e-01	1.796083e-01	1.796083e-01	0.000000e+00	0.000000e+00
-1.331579e+00	1.781968e-01	1.781968e-01	1.781968e-01	0.000000e+00	0.000000e+00
-1.326316e+00	1.767909e-01	1.767909e-01	1.767909e-01	0.000000e+00	0.000000e+00
-1.321053e+00	1.753906e-01	1.753906e-01	1.753906e-01	0.000000e+00	0.000000e+00
-1.315789e+00	1.739958e-01	1.739958e-01	1.739958e-01	0.000000e+00	0.000000e+00
-1.310526e+00	1.726067e-01	1.726067e-01	1.726067e-01	0.000000e+00	0.000000e+00
-1.305263e+00	1.712230e-01	1.712230e-01	1.712230e-01	0.000000e+00	0.000000e+00
-1.300000e+00	1.698450e-01	1.698450e-01	1.698450e-01	0.000000e+00	0.000000e+00
-1.300000e+00	1.698450e-01	1.698450e-01	1.698450e-01	0.000000e+00	0.000000e+00
-1.294737e+00	1.684725e-01	1.684725e-01	1.684725e-01	0.000000e+00	0.000000e+00
-1.289474e+00	1.671056e-01	1.671056e-01	1.671056e-01	0.000000e+00	0.000000e+00
-1.284211e+00	1.657443e-01	1.657443e-01	1.657443e-01	0.000000e+00	0.000000e+00
-1.278947e+00	1.643885e-01	1.643885e-01	1.643885e-01	0.000000e+00	0.000000e+00
-1.273684e+00	1.630383e-01	1.630383e-01	1.630383e-01	0.000000e+00	0.000000e+00
-1.268421e+00	1.616936e-01	1.616936e-01	1.616936e-01	0.000000e+00	0.000000e+00
-1.263158e+00	1.603546e-01	1.603546e-01	1.603546e-01	0.000000e+00	0.000000e+00
-1.257895e+00	1.590211e-01	1.590211e-01	1.590211e-01	0.000000e+00	0.000000e+00
-1.252632e+00	1.576931e-01	1.576931e-01	1.576931e-01	0.000000e+00	0.000000e+00
-1.247368e+00	1.563708e-01	1.563708e-01	1.563708e-01	0.000000e+00	0.000000e+00
-1.242105e+00	1.550540e-01	1.550540e-01	1.550540e-01	0.000000e+00	0.000000e+00
-1.236842e+00	1.537427e-01	1.537427e-01	1.537427e-01	0.000000e+00	0.000000e+00
-1.231579e+00	1.524371e-01	1.524371e-01	1.524371e-01	0.000000e+00	0.000000e+00
-1.226316e+00	1.511370e-01	1.511370e-01	1.511370e-01	0.000000e+00	0.000000e+00
-1.221053e+00	1.498424e-01	1.498424e-01	1.498424e-01	0.000000e+00	0.000000e+00
-1.215789e+00	1.485535e-01	1.485535e-01	1.485535e-01	0.000000e+00	0.000000e+00
-1.210526e+00	1.472701e-01	1.472701e-01	1.472701e-01	0.000000e+00	0.000000e+00
-1.205263e+00	1.459923e-01	1.459923e-01	1.459923e-01	0.000000e+00	0.000000e+00
-1.200000e+00	1.447200e-01	1.447200e-01	1.447200e-01	0.000000e+00	0.000000e+00
-1.200000e+00	1.447200e-01	1.447200e-01	1.447200e-01	0.000000e+00	0.000000e+00
-1.194737e+00	1.434533e-01	1.434533e-01	1.434533e-01	0.000000e+00	0.000000e+00
-1.189474e+00	1.421922e-01	1.421922e-01	1.421922e-01	0.000000e+00	0.000000e+00
-1.184211e+00	1.409366e-01	1.409366e-01	1.409366e-01	0.000000e+00	0.000000e+00
-1.178947e+00	1.396866e-01	1.396866e-01	1.396866e-01	0.000000e+00	0.000000e+00
-1.173684e+00	1.384422e-01	1.384422e-01	1.384422e-01	0.000000e+00	0.000000e+00
-1.168421e+00	1.372034e-01	1.372034e-01	1.372034e-01	0.000000e+00	0.000000e+00
-1.163158e+00	1.359701e-01	1.359701e-01	1.359701e-01	0.000000e+00	0.000000e+00
-1.157895e+00	1.347424e-01	1.347424e-01	1.347424e-01	0.000000e+00	0.000000e+00
-1.152632e+00	1.335202e-01	1.335202e-01	1.335202e-01	0.000000e+00	0.000000e+00
-1.147368e+00	1.323037e-01	1.323037e-01	1.323037e-01	0.000000e+00	0.000000e+00
-1.142105e+00	1.310926e-01	1.310926e-01	1.310926e-01	0.000000e+00	0.000000e+00
-1.136842e+00	1.298872e-01	1.298872e-01	1.298872e-01	0.000000e+00	0.000000e+00
-1.131579e+00	1.286873e-01	1.286873e-01	1.286873e-01	0.000000e+00	0.000000e+00
-1.126316e+00	1.274930e-01	1.274930e-01	1.274930e-01	0.000000e+00	0.000000e+00
-1.121053e+00	1.263043e-01	1.263043e-01	1.263043e-01	0.000000e+00	0.000000e+00
-1.115789e+00	1.251211e-01	1.251211e-01	1.251211e-01	0.000000e+00	0.000000e+00
-1.110526e+00	1.239435e-01	1.239435e-01	1.239435e-01	0.000000e+00	0.000000e+00
-1.105263e+00	1.227715e-01	1.227715e-01	1.227715e-01	0.000000e+00	0.000000e+00
-1.100000e+00	1.216050e-01	1.216050e-01	1.216050e-01	0.000000e+00	0.000000e+00
-1.100000e+00	1.216050e-01	1.216050e-01	1.216050e-01	0.000000e+00	0.000000e+00
-1.094737e+00	1.204441e-01	1.204441e-01	1.204441e-01	0.000000e+00	0.000000e+00
-1.089474e+00	1.192887e-01	1.192888e-01	1.192888e-01	0.000000e+00	0.000000e+00
-1.084211e+00	1.181390e-01	1.181390e-01	1.181390e-01	0.000000e+00	0.000000e+00
-1.078947e+00	1.169948e-01	1.169948e-01	1.169948e-01	0.000000e+00	0.000000e+00
-1.073684e+00	1.158562e-01	1.158562e-01	1.158562e-01	0.000000e+00	0.000000e+00
-1.068421e+00	1.147232e-01	1.147231e-01	1.147231e-01	0.000000e+00	0.000000e+00
-1.063158e+00	1.135957e-01	1.135956e-01	1.135956e-01	0.000000e+00	0.000000e+00
-1.057895e+00	1.124737e-01	1.124737e-01	1.124737e-01	0.000000e+00	0.000000e+00
-1.052632e+00	1.113574e-01	1.113573e-01	1.113573e-01	0.000000e+00	0.000000e+00
-1.047368e+00	1.102465e-01	1.102466e-01	1.102466e-01	0.000000e+00	0.000000e+00
-1.042105e+00	1.091413e-01	1.091413e-01	1.091413e-01	0.000000e+00	0.000000e+00
-1.036842e+00	1.080416e-01	1.080417e-01	1.080417e-01	0.000000e+00	0.000000e+00
-1.031579e+00	1.069475e-01	1.069476e-01	1.069476e-01	0.000000e+00	0.000000e+00
-1.026316e+00	1.058590e-01	1.058591e-01	1.058591e-01	0.000000e+00	0.000000e+00
-1.021053e+00	1.047761e-01	1.047761e-01	1.047761e-01	0.000000e+00	0.000000e+00
-1.015789e+00	1.036988e-01	1.036987e-01	1.036987e-01	0.000000e+00	0.000000e+00
-1.010526e+00	1.026271e-01	1.026269e-01	1.026269e-01	0.000000e+00	0.000000e+00
-1.005263e+00	1.015611e-01	1.015607e-01	1.015607e-01	0.000000e+00	0.000000e+00
-1.000000e+00	1.005008e-01	1.005000e-01	1.005000e-01	0.000000e+00	0.000000e+00
-1.000000e+00	1.005102e-01	1.005000e-01	1.005000e-01	0.000000e+00	0.000000e+00
-9.947368e-01	9.958749e-02	9.944489e-02	9.944489e-02	4.412037e-06	0.000000e+00
-9.894737e-01	9.864588e-02	9.839535e-02	9.839535e-02	1.759762e-06	0.000000e+00
-9.842105e-01	9.767620e-02	9.735137e-02	9.735137e-02	-4.373397e-06	0.000000e+00
-9.789474e-01	9.667322e-02	9.631296e-02	9.631296e-02	-1.112583e-05	0.000000e+00
-9.736842e-01	9.563566e-02	9.528012e-02	9.528012e-02	-1.635775e-05	0.000000e+00
-9.684211e-01	9.456616e-02	9.425285e-02	9.425285e-02	-1.865117e-05	0.000000e+00
-9.631579e-01	9.347125e-02	9.323115e-02	9.323115e-02	-1.730994e-05	0.000000e+00
-9.578947e-01	9.236143e-02	9.221501e-02	9.221501e-02	-1.235972e-05	0.000000e+00
-9.526316e-01	9.125106e-02	9.120445e-02	9.120445e-02	-4.547979e-06	0.000000e+00
-9.473684e-01	9.015848e-02	9.019945e-02	9.019945e-02	4.655981e-06	0.000000e+00
-9.421053e-01	8.910590e-02	8.920001e-02	8.920001e-02	1.306105e-05	0.000000e+00
-9.368421e-01	8.811950e-02	8.820615e-02	8.820615e-02	1.775430e-05	0.000000e+00
-9.315789e-01	8.722932e-02	8.721785e-02	8.721785e-02	1.510099e-05	0.000000e+00
-9.263158e-01	8.646939e-02	8.623512e-02	8.623512e-02	7.445547e-07	0.000000e+00
-9.210526e-01	8.587759e-02	8.577968e-02	8.525796e-02	-3.039339e-05	-4.731319e-05
-9.157895e-01	8.549579e-02	8.586045e-02	8.428637e-02	-8.411304e-05	-1.427495e-04
-9.105263e-01	8.536971e-02	8.594122e-02	8.332035e-02	-1.669364e-04	-2.376808e-04
-9.052632e-01	8.554906e-02	8.602199e-02	8.235989e-02	-2.861073e-04	-3.321072e-04
-9.000000e-01	8.608741e-02	8.610275e-02	8.140500e-02	-4.495915e-04	-4.260287e-04
-9.000000e-01	8.604939e-02	8.610275e-02	8.140500e-02	-4.397367e-04	-4.260287e-04
-8.947368e-01	8.612726e-02	8.618352e-02	8.045568e-02	-5.342307e-04	-5.194452e-04
-8.894737e-01	8.620566e-02	8.626429e-02	7.951193e-02	-6.280978e-04	-6.123568e-04
-8.842105e-01	8.628464e-02	8.634506e-02	7.857374e-02	-7.213195e-04	-7.047635e-04
-8.789474e-01	8.636426e-02	8.642583e-02	7.764112e-02	-8.138801e-04	-7.966652e-04
-8.736842e-01	8.644455e-02	8.650660e-02	7.671407e-02	-9.057662e-04	-8.880620e-04
-8.684211e-01	8.652552e-02	8.658736e-02	7.579259e-02	-9.969669e-04	-9.789538e-04
-8.631579e-01	8.660718e-02	8.666813e-02	7.487668e-02	-1.087474e-03	-1.069341e-03
-8.578947e-01	8.668952e-02	8.674890e-02	7.396633e-02	-1.177280e-03	-1.159223e-03
-8.526316e-01	8.677252e-02	8.682967e-02	7.306155e-02	-1.266384e-03	-1.248600e-03
-8.473684e-01	8.685613e-02	8.691044e-02	7.216234e-02	-1.354782e-03	-1.337472e-03
-8.421053e-01	8.694031e-02	8.699121e-02	7.126870e-02	-1.442477e-03	-1.425839e-03
-8.368421e-01	8.702498e-02	8.707198e-02	7.038062e-02	-1.529472e-03	-1.513701e-03
-8.315789e-01	8.711007e-02	8.715274e-02	6.949812e-02	-1.615773e-03	-1.601059e-03
-8.263158e-01	8.719548e-02	8.723351e-02	6.862118e-02	-1.701389e-03	-1.687911e-03
-8.210526e-01	8.728110e-02	8.731428e-02	6.774981e-02	-1.786331e-03	-1.774258e-03
-8.157895e-01	8.736681e-02	8.739505e-02	6.688400e-02	-1.870612e-03	-1.860101e-03
-8.105263e-01	8.745246e-02	8.747582e-02	6.602377e-02	-1.954248e-03	-1.945438e-03
-8.052632e-01	8.753791e-02	8.755659e-02	6.516910e-02	-2.037257e-03	-2.030271e-03
-8.000000e-01	8.762298e-02	8.763736e-02	6.432000e-02	-2.119661e-03	-2.114599e-03
-8.000000e-01	8.762270e-02	8.763736e-02	6.432000e-02	-2.120216e-03	-2.114599e-03
-7.947368e-01	8.770881e-02	8.771812e-02	6.347647e-02	-2.201998e-03	-2.198421e-03
-7.894737e-01	8.779392e-02	8.779889e-02	6.263850e-02	-2.283605e-03	-2.281739e-03
-7.842105e-01	8.787814e-02	8.787966e-02	6.180611e-02	-2.365014e-03	-2.364552e-03
-7.789474e-01	8.796157e-02	8.796043e-02	6.097928e-02	-2.446203e-03	-2.446860e-03
-7.736842e-01	8.804431e-02	8.804120e-02	6.015802e-02	-2.527149e-03	-2.528663e-03
-7.684211e-01	8.812645e-02	8.812197e-02	5.934233e-02	-2.607828e-03	-2.609961e-03
-7.631579e-01	8.820807e-02	8.820274e-02	5.853220e-02	-2.688217e-03	-2.690754e-03
-7.578947e-01	8.828926e-02	8.828350e-02	5.772765e-02	-2.768291e-03	-2.771042e-03
-7.526316e-01	8.837009e-02	8.836427e-02	5.692866e-02	-2.848027e-03	-2.850825e-03
-7.473684e-01	8.845063e-02	8.844504e-02	5.613524e-02	-2.927400e-03	-2.930104e-03
-7.421053e-01	8.853093e-02	8.852581e-02	5.534738e-02	-3.006386e-03	-3.008877e-03
-7.368421e-01	8.861107e-02	8.860658e-02	5.456510e-02	-3.084959e-03	-3.087145e-03
-7.315789e-01	8.869110e-02	8.868735e-02	5.378838e-02	-3.163094e-03	-3.164909e-03
-7.263158e-01	8.877105e-02	8.876812e-02	5.301723e-02	-3.240765e-03	-3.242167e-03
-7.210526e-01	8.885097e-02	8.884888e-02	5.225165e-02	-3.317947e-03	-3.318921e-03
-7.157895e-01	8.893091e-02	8.892965e-02	5.149163e-02	-3.394614e-03	-3.395170e-03
-7.105263e-01	8.901088e-02	8.901042e-02	5.073719e-02	-3.470738e-03	-3.470913e-03
-7.052632e-01	8.909091e-02	8.909119e-02	4.998831e-02	-3.546294e-03	-3.546152e-03
-7.000000e-01	8.917104e-02	8.917196e-02	4.924500e-02	-3.621254e-03	-3.620886e-03
-7.000000e-01	8.917114e-02	8.917196e-02	4.924500e-02	-3.621360e-03	-3.620886e-03
-6.947368e-01	8.925150e-02	8.925273e-02	4.850726e-02	-3.695811e-03	-3.695115e-03
-6.894737e-01	8.933202e-02	8.933350e-02	4.777508e-02	-3.769672e-03	-3.768839e-03
-6.842105e-01	8.941267e-02	8.941426e-02	4.704848e-02	-3.842958e-03	-3.842058e-03
-6.789474e-01	8.949344e-02	8.949503e-02	4.632744e-02	-3.915680e-03	-3.914772e-03
-6.736842e-01	8.957428e-02	8.957580e-02	4.561197e-02	-3.987852e-03	-3.986981e-03
-6.684211e-01	8.965519e-02	8.965657e-02	4.490206e-02	-4.059484e-03	-4.058685e-03
-6.631579e-01	8.973614e-02	8.973734e-02	4.419773e-02	-4.130586e-03	-4.129885e-03
-6.578947e-01	8.981711e-02	8.981811e-02	4.349896e-02	-4.201166e-03	-4.200579e-03
-6.526316e-01	8.989809e-02	8.989888e-02	4.280576e-02	-4.271234e-03	-4.270768e-03
-6.473684e-01	8.997907e-02	8.997964e-02	4.211813e-02	-4.340796e-03	-4.340453e-03
-6.421053e-01	9.006004e-02	9.006041e-02	4.143607e-02	-4.409857e-03	-4.409632e-03
-6.368421e-01	9.014099e-02	9.014118e-02	4.075957e-02	-4.478424e-03	-4.478307e-03
-6.315789e-01	9.022191e-02	9.022195e-02	4.008864e-02	-4.546499e-03	-4.546477e-03
-6.263158e-01	9.030279e-02	9.030272e-02	3.942328e-02	-4.614086e-03	-4.614141e-03
-6.210526e-01	9.038365e-02	9.038349e-02	3.876349e-02	-4.681187e-03	-4.681301e-03
-6.157895e-01	9.046448e-02	9.046426e-02	3.810927e-02	-4.747803e-03	-4.747956e-03
-6.105263e-01	9.054528e-02	9.054502e-02	3.746061e-02	-4.813934e-03	-4.814106e-03
-6.052632e-01	9.062606e-02	9.062579e-02	3.681752e-02	-4.879580e-03	-4.879751e-03
-6.000000e-01	9.070683e-02	9.070656e-02	3.618000e-02	-4.944737e-03	-4.944891e-03
-6.000000e-01	9.070684e-02	9.070656e-02	3.618000e-02	-4.944713e-03	-4.944891e-03
-5.947368e-01	9.078756e-02	9.078733e-02	3.554805e-02	-5.009378e-03	-5.009526e-03
-5.894737e-01	9.086828e-02	9.086810e-02	3.492166e-02	-5.073536e-03	-5.073656e-03
-5.842105e-01	9.094901e-02	9.094887e-02	3.430084e-02	-5.137186e-03	-5.137282e-03
-5.789474e-01	9.102975e-02	9.102964e-02	3.368560e-02	-5.200328e-03	-5.200402e-03
-5.736842e-01	9.111049e-02	9.111040e-02	3.307591e-02	-5.262963e-03	-5.263017e-03
-5.684211e-01	9.119123e-02	9.119117e-02	3.247180e-02	-5.325090e-03	-5.325128e-03
-5.631579e-01	9.127198e-02	9.127194e-02	3.187325e-02	-5.386709e-03	-5.386733e-03
-5.578947e-01	9.135273e-02	9.135271e-02	3.128028e-02	-5.447821e-03	-5.447834e-03
-5.526316e-01	9.143348e-02	9.143348e-02	3.069287e-02	-5.508426e-03	-5.508429e-03
-5.473684e-01	9.151424e-02	9.151425e-02	3.011102e-02	-5.568523e-03	-5.568520e-03
-5.421053e-01	9.159501e-02	9.159502e-02	2.953475e-02	-5.628113e-03	-5.628106e-03
-5.368421e-01	9.167577e-02	9.167578e-02	2.896404e-02	-5.687196e-03	-5.687186e-03
-5.315789e-01	9.175654e-02	9.175655e-02	2.839891e-02	-5.745773e-03	-5.745762e-03
-5.263158e-01	9.183731e-02	9.183732e-02	2.783934e-02	-5.803843e-03	-5.803833e-03
-5.210526e-01	9.191808e-02	9.191809e-02	2.728533e-02	-5.861408e-03	-5.861399e-03
-5.157895e-01	9.199885e-02	9.199886e-02	2.673690e-02	-5.918467e-03	-5.918460e-03
-5.105263e-01	9.207962e-02	9.207963e-02	2.619403e-02	-5.975020e-03	-5.975016e-03
-5.052632e-01	9.216039e-02	9.216040e-02	2.565673e-02	-6.031069e-03	-6.031068e-03
-5.000000e-01	9.224116e-02	9.224116e-02	2.512500e-02	-6.086614e-03	-6.086614e-03
-5.000000e-01	9.224116e-02	9.224116e-02	2.512500e-02	-6.086614e-03	-6.086614e-03
-4.947368e-01	9.232193e-02	9.232193e-02	2.459884e-02	-6.141654e-03	-6.141655e-03
-4.894737e-01	9.240270e-02	9.240270e-02	2.407824e-02	-6.196190e-03	-6.196191e-03
-4.842105e-01	9.248347e-02	9.248347e-02	2.356321e-02	-6.250222e-03	-6.250223e-03
-4.789474e-01	9.256424e-02	9.256424e-02	2.305375e-02	-6.303748e-03	-6.303749e-03
-4.736842e-01	9.264501e-02	9.264501e-02	2.254986e-02	-6.356769e-03	-6.356771e-03
-4.684211e-01	9.272578e-02	9.272578e-02	2.205154e-02	-6.409286e-03	-6.409288e-03
-4.631579e-01	9.280655e-02	9.280654e-02	2.155878e-02	-6.461298e-03	-6.461299e-03
-4.578947e-01	9.288731e-02	9.288731e-02	2.107159e-02	-6.512805e-03	-6.512806e-03
-4.526316e-01	9.296808e-02	9.296808e-02	2.058997e-02	-6.563806e-03	-6.563808e-03
-4.473684e-01	9.304885e-02	9.304885e-02	2.011392e-02	-6.614303e-03	-6.614305e-03
-4.421053e-01	9.312962e-02	9.312962e-02	1.964343e-02	-6.664296e-03	-6.664297e-03
-4.368421e-01	9.321039e-02	9.321039e-02	1.917852e-02	-6.713783e-03	-6.713783e-03
-4.315789e-01	9.329116e-02	9.329116e-02	1.871917e-02	-6.762765e-03	-6.762766e-03
-4.263158e-01	9.337192e-02	9.337192e-02	1.826539e-02	-6.811242e-03	-6.811243e-03
-4.210526e-01	9.345269e-02	9.345269e-02	1.781717e-02	-6.859215e-03	-6.859215e-03
-4.157895e-01	9.353346e-02	9.353346e-02	1.737453e-02	-6.906682e-03	-6.906682e-03
-4.105263e-01	9.361423e-02	9.361423e-02	1.693745e-02	-6.953644e-03	-6.953644e-03
-4.052632e-01	9.369500e-02	9.369500e-02	1.650594e-02	-7.000102e-03	-7.000102e-03
-4.000000e-01	9.377577e-02	9.377577e-02	1.608000e-02	-7.046054e-03	-7.046054e-03
-4.000000e-01	9.377577e-02	9.377577e-02	1.608000e-02	-7.046054e-03	-7.046054e-03
-3.947368e-01	9.385654e-02	9.385654e-02	1.565963e-02	-7.091502e-03	-7.091502e-03
-3.894737e-01	9.393730e-02	9.393730e-02	1.524482e-02	-7.136445e-03	-7.136444e-03
-3.842105e-01	9.401807e-02	9.401807e-02	1.483558e-02	-7.180882e-03	-7.180882e-03
-3.789474e-01	9.409884e-02	9.409884e-02	1.443191e-02	-7.224815e-03	-7.224814e-03
-3.736842e-01	9.417961e-02	9.417961e-02	1.403381e-02	-7.268242e-03	-7.268242e-03
-3.684211e-01	9.426038e-02	9.426038e-02	1.364127e-02	-7.311165e-03	-7.311165e-03
-3.631579e-01	9.434115e-02	9.434115e-02	1.325431e-02	-7.353583e-03	-7.353583e-03
-3.578947e-01	9.442192e-02	9.442192e-02	1.287291e-02	-7.395496e-03	-7.395496e-03
-3.526316e-01	9.450268e-02	9.450268e-02	1.249708e-02	-7.436904e-03	-7.436904e-03
-3.473684e-01	9.458345e-02	9.458345e-02	1.212681e-02	-7.477807e-03	-7.477807e-03
-3.421053e-01	9.466422e-02	9.466422e-02	1.176212e-02	-7.518205e-03	-7.518205e-03
-3.368421e-01	9.474499e-02	9.474499e-02	1.140299e-02	-7.558098e-03	-7.558098e-03
-3.315789e-01	9.482576e-02	9.482576e-02	1.104943e-02	-7.597486e-03	-7.597486e-03
-3.263158e-01	9.490653e-02	9.490653e-02	1.070144e-02	-7.636370e-03	-7.636370e-03
-3.210526e-01	9.498730e-02	9.498730e-02	1.035902e-02	-7.674748e-03	-7.674748e-03
-3.157895e-01	9.506806e-02	9.506806e-02	1.002216e-02	-7.712621e-03	-7.712621e-03
-3.105263e-01	9.514883e-02	9.514883e-02	9.690873e-03	-7.749990e-03	-7.749990e-03
-3.052632e-01	9.522960e-02	9.522960e-02	9.365152e-03	-7.786853e-03	-7.786853e-03
-3.000000e-01	9.531037e-02	9.531037e-02	9.045000e-03	-7.823212e-03	-7.823212e-03
-3.000000e-01	9.531037e-02	9.531037e-02	9.045000e-03	-7.823212e-03	-7.823212e-03
-2.947368e-01	9.539114e-02	9.539114e-02	8.730416e-03	-7.859066e-03	-7.859066e-03
-2.894737e-01	9.547191e-02	9.547191e-02	8.421399e-03	-7.894415e-03	-7.894415e-03
-2.842105e-01	9.555268e-02	9.555268e-02	8.117950e-03	-7.929258e-03	-7.929258e-03
-2.789474e-01	9.563344e-02	9.563344e-02	7.820069e-03	-7.963597e-03	-7.963597e-03
-2.736842e-01	9.571421e-02	9.571421e-02	7.527756e-03	-7.997431e-03	-7.997431e-03
-2.684211e-01	9.579498e-02	9.579498e-02	7.241011e-03	-8.030760e-03	-8.030760e-03
-2.631579e-01	9.587575e-02	9.587575e-02	6.959834e-03	-8.063584e-03	-8.063584e-03
-2.578947e-01	9.595652e-02	9.595652e-02	6.684224e-03	-8.095903e-03	-8.095903e-03
-2.526316e-01	9.603729e-02	9.603729e-02	6.414183e-03	-8.127717e-03	-8.127717e-03
-2.473684e-01	9.611806e-02	9.611806e-02	6.149709e-03	-8.159027e-03	-8.159027e-03
-2.421053e-01	9.619882e-02	9.619882e-02	5.890803e-03	-8.189831e-03	-8.189831e-03
-2.368421e-01	9.627959e-02	9.627959e-02	5.637465e-03	-8.220130e-03	-8.220130e-03
-2.315789e-01	9.636036e-02	9.636036e-02	5.389695e-03	-8.249925e-03	-8.249925e-03
-2.263158e-01	9.644113e-02	9.644113e-02	5.147493e-03	-8.279214e-03	-8.279214e-03
-2.210526e-01	9.652190e-02	9.652190e-02	4.910859e-03	-8.307999e-03	-8.307999e-03
-2.157895e-01	9.660267e-02	9.660267e-02	4.679792e-03	-8.336278e-03	-8.336278e-03
-2.105263e-01	9.668344e-02	9.668344e-02	4.454294e-03	-8.364053e-03	-8.364053e-03
-2.052632e-01	9.676420e-02	9.676420e-02	4.234363e-03	-8.391323e-03	-8.391323e-03
-2.000000e-01	9.684497e-02	9.684497e-02	4.020000e-03	-8.418088e-03	-8.418088e-03
-2.000000e-01	9.684497e-02	9.684497e-02	4.020000e-03	-8.418088e-03	-8.418088e-03
-1.947368e-01	9.692574e-02	9.692574e-02	3.811205e-03	-8.444348e-03	-8.444348e-03
-1.894737e-01	9.700651e-02	9.700651e-02	3.607978e-03	-8.470103e-03	-8.470103e-03
-1.842105e-01	9.708728e-02	9.708728e-02	3.410319e-03	-8.495353e-03	-8.495352e-03
-1.789474e-01	9.716805e-02	9.716805e-02	3.218227e-03	-8.520098e-03	-8.520098e-03
-1.736842e-01	9.724882e-02	9.724882e-02	3.031704e-03	-8.544338e-03	-8.544338e-03
-1.684211e-01	9.732958e-02	9.732958e-02	2.850748e-03	-8.568073e-03	-8.568073e-03
-1.631579e-01	9.741035e-02	9.741035e-02	2.675360e-03	-8.591303e-03	-8.591303e-03
-1.578947e-01	9.749112e-02	9.749112e-02	2.505540e-03	-8.614028e-03	-8.614028e-03
-1.526316e-01	9.757189e-02	9.757189e-02	2.341288e-03	-8.636249e-03	-8.636249e-03
-1.473684e-01	9.765266e-02	9.765266e-02	2.182604e-03	-8.657964e-03	-8.657964e-03
-1.421053e-01	9.773343e-02	9.773343e-02	2.029488e-03	-8.679175e-03	-8.679175e-03
-1.368421e-01	9.781420e-02	9.781420e-02	1.881939e-03	-8.699880e-03	-8.699880e-03
-1.315789e-01	9.789496e-02	9.789496e-02	1.739958e-03	-8.720081e-03	-8.720081e-03
-1.263158e-01	9.797573e-02	9.797573e-02	1.603546e-03	-8.739777e-03	-8.739777e-03
-1.210526e-01	9.805650e-02	9.805650e-02	1.472701e-03	-8.758967e-03	-8.758967e-03
-1.157895e-01	9.813727e-02	9.813727e-02	1.347424e-03	-8.777653e-03	-8.777653e-03
-1.105263e-01	9.821804e-02	9.821804e-02	1.227715e-03	-8.795834e-03	-8.795834e-03
-1.052632e-01	9.829881e-02	9.829881e-02	1.113573e-03	-8.813510e-03	-8.813510e-03
-1.000000e-01	9.837958e-02	9.837958e-02	1.005000e-03	-8.830681e-03	-8.830681e-03
-1.000000e-01	9.837958e-02	9.837958e-02	1.005000e-03	-8.830681e-03	-8.830681e-03
-9.473684e-02	9.846034e-02	9.846034e-02	9.019945e-04	-8.847347e-03	-8.847347e-03
-8.947368e-02	9.854111e-02	9.854111e-02	8.045568e-04	-8.863508e-03	-8.863508e-03
-8.421053e-02	9.862188e-02	9.862188e-02	7.126870e-04	-8.879164e-03	-8.879164e-03
-7.894737e-02	9.870265e-02	9.870265e-02	6.263850e-04	-8.894316e-03	-8.894316e-03
-7.368421e-02	9.878342e-02	9.878342e-02	5.456510e-04	-8.908962e-03	-8.908962e-03
-6.842105e-02	9.886419e-02	9.886419e-02	4.704848e-04	-8.923103e-03	-8.923103e-03
-6.315789e-02	9.894496e-02	9.894496e-02	4.008864e-04	-8.936740e-03	-8.936740e-03
-5.789474e-02	9.902572e-02	9.902572e-02	3.368560e-04	-8.949871e-03	-8.949871e-03
-5.263158e-02	9.910649e-02	9.910649e-02	2.783934e-04	-8.962498e-03	-8.962498e-03
-4.736842e-02	9.918726e-02	9.918726e-02	2.254986e-04	-8.974619e-03	-8.974619e-03
-4.210526e-02	9.926803e-02	9.926803e-02	1.781717e-04	-8.986236e-03	-8.986236e-03
-3.684211e-02	9.934880e-02	9.934880e-02	1.364127e-04	-8.997348e-03	-8.997348e-03
-3.157895e-02	9.942957e-02	9.942957e-02	1.002216e-04	-9.007955e-03	-9.007955e-03
-2.631579e-02	9.951033e-02	9.951033e-02	6.959834e-05	-9.018056e-03	-9.018056e-03
-2.105263e-02	9.959110e-02	9.959110e-02	4.454294e-05	-9.027653e-03	-9.027653e-03
-1.578947e-02	9.967187e-02	9.967187e-02	2.505540e-05	-9.036745e-03	-9.036745e-03
-1.052632e-02	9.975264e-02	9.975264e-02	1.113573e-05	-9.045332e-03	-9.045332e-03
-5.263158e-03	9.983341e-02	9.983341e-02	2.783934e-06	-9.053415e-03	-9.053415e-03
1.804112e-16	9.991418e-02	9.991418e-02	3.271096e-33	-9.060992e-03	-9.060992e-03
4.163336e-17	9.991418e-02	9.991418e-02	1.742004e-34	-9.060992e-03	-9.060992e-03
5.263158e-03	9.999495e-02	9.999495e-02	2.783934e-06	-9.068064e-03	-9.068064e-03
1.052632e-02	1.000757e-01	1.000757e-01	1.113573e-05	-9.074631e-03	-9.074631e-03
1.578947e-02	1.001565e-01	1.001565e-01	2.505540e-05	-9.080694e-03	-9.080694e-03
2.105263e-02	1.002373e-01	1.002373e-01	4.454294e-05	-9.086251e-03	-9.086251e-03
2.631579e-02	1.003180e-01	1.003180e-01	6.959834e-05	-9.091304e-03	-9.091304e-03
3.157895e-02	1.003988e-01	1.003988e-01	1.002216e-04	-9.095851e-03	-9.095851e-03
3.684211e-02	1.004796e-01	1.004796e-01	1.364127e-04	-9.099894e-03	-9.099894e-03
4.210526e-02	1.005603e-01	1.005603e-01	1.781717e-04	-9.103432e-03	-9.103432e-03
4.736842e-02	1.006411e-01	1.006411e-01	2.254986e-04	-9.106464e-03	-9.106464e-03
5.263158e-02	1.007219e-01	1.007219e-01	2.783934e-04	-9.108992e-03	-9.108992e-03
5.789474e-02	1.008026e-01	1.008026e-01	3.368560e-04	-9.111015e-03	-9.111015e-03
6.315789e-02	1.008834e-01	1.008834e-01	4.008864e-04	-9.112533e-03	-9.112533e-03
6.842105e-02	1.009642e-01	1.009642e-01	4.704848e-04	-9.113546e-03	-9.113546e-03
7.368421e-02	1.010449e-01	1.010449e-01	5.456510e-04	-9.114054e-03	-9.114054e-03
7.894737e-02	1.011257e-01	1.011257e-01	6.263850e-04	-9.114057e-03	-9.114057e-03
8.421053e-02	1.012065e-01	1.012065e-01	7.126870e-04	-9.113555e-03	-9.113555e-03
8.947368e-02	1.012872e-01	1.012872e-01	8.045568e-04	-9.112549e-03	-9.112549e-03
9.473684e-02	1.013680e-01	1.013680e-01	9.019945e-04	-9.111037e-03	-9.111037e-03
1.000000e-01	1.014488e-01	1.014488e-01	1.005000e-03	-9.109020e-03	-9.109020e-03
1.000000e-01	1.014488e-01	1.014488e-01	1.005000e-03	-9.109020e-03	-9.109020e-03
1.052632e-01	1.015295e-01	1.015295e-01	1.113573e-03	-9.106499e-03	-9.106499e-03
1.105263e-01	1.016103e-01	1.016103e-01	1.227715e-03	-9.103472e-03	-9.103472e-03
1.157895e-01	1.016911e-01	1.016911e-01	1.347424e-03	-9.099941e-03	-9.099941e-03
1.210526e-01	1.017719e-01	1.017719e-01	1.472701e-03	-9.095904e-03	-9.095904e-03
1.263158e-01	1.018526e-01	1.018526e-01	1.603546e-03	-9.091363e-03	-9.091363e-03
1.315789e-01	1.019334e-01	1.019334e-01	1.739958e-03	-9.086317e-03	-9.086317e-03
1.368421e-01	1.020142e-01	1.020142e-01	1.881939e-03	-9.080766e-03	-9.080766e-03
1.421053e-01	1.020949e-01	1.020949e-01	2.029488e-03	-9.074710e-03	-9.074710e-03
1.473684e-01	1.021757e-01	1.021757e-01	2.182604e-03	-9.068148e-03	-9.068148e-03
1.526316e-01	1.022565e-01	1.022565e-01	2.341288e-03	-9.061082e-03	-9.061082e-03
1.578947e-01	1.023372e-01	1.023372e-01	2.505540e-03	-9.053512e-03	-9.053512e-03
1.631579e-01	1.024180e-01	1.024180e-01	2.675360e-03	-9.045436e-03	-9.045436e-03
1.684211e-01	1.024988e-01	1.024988e-01	2.850748e-03	-9.036855e-03	-9.036855e-03
1.736842e-01	1.025795e-01	1.025795e-01	3.031704e-03	-9.027769e-03	-9.027769e-03
1.789474e-01	1.026603e-01	1.026603e-01	3.218227e-03	-9.018179e-03	-9.018178e-03
1.842105e-01	1.027411e-01	1.027411e-01	3.410319e-03	-9.008083e-03	-9.008083e-03
1.894737e-01	1.028218e-01	1.028218e-01	3.607978e-03	-8.997482e-03	-8.997482e-03
1.947368e-01	1.029026e-01	1.029026e-01	3.811205e-03	-8.986377e-03	-8.986377e-03
2.000000e-01	1.029834e-01	1.029834e-01	4.020000e-03	-8.974766e-03	-8.974766e-03
2.000000e-01	1.029834e-01	1.029834e-01	4.020000e-03	-8.974766e-03	-8.974766e-03
2.052632e-01	1.030642e-01	1.030642e-01	4.234363e-03	-8.962651e-03	-8.962651e-03
2.105263e-01	1.031449e-01	1.031449e-01	4.454294e-03	-8.950031e-03	-8.950031e-03
2.157895e-01	1.032257e-01	1.032257e-01	4.679792e-03	-8.936905e-03	-8.936905e-03
2.210526e-01	1.033065e-01	1.033065e-01	4.910859e-03	-8.923275e-03	-8.923275e-03
2.263158e-01	1.033872e-01	1.033872e-01	5.147493e-03	-8.909140e-03	-8.909140e-03
2.315789e-01	1.034680e-01	1.034680e-01	5.389695e-03	-8.894500e-03	-8.894500e-03
2.368421e-01	1.035488e-01	1.035488e-01	5.637465e-03	-8.879355e-03	-8.879355e-03
2.421053e-01	1.036295e-01	1.036295e-01	5.890803e-03	-8.863705e-03	-8.863705e-03
2.473684e-01	1.037103e-01	1.037103e-01	6.149709e-03	-8.847550e-03	-8.847550e-03
2.526316e-01	1.037911e-01	1.037911e-01	6.414183e-03	-8.830890e-03	-8.830890e-03
2.578947e-01	1.038718e-01	1.038718e-01	6.684224e-03	-8.813726e-03	-8.813726e-03
2.631579e-01	1.039526e-01	1.039526e-01	6.959834e-03	-8.796056e-03	-8.796056e-03
2.684211e-01	1.040334e-01	1.040334e-01	7.241011e-03	-8.777882e-03	-8.777881e-03
2.736842e-01	1.041141e-01	1.041141e-01	7.527756e-03	-8.759202e-03	-8.759202e-03
2.789474e-01	1.041949e-01	1.041949e-01	7.820069e-03	-8.740018e-03	-8.740017e-03
2.842105e-01	1.042757e-01	1.042757e-01	8.117950e-03	-8.720329e-03	-8.720328e-03
2.894737e-01	1.043564e-01	1.043564e-01	8.421399e-03	-8.700135e-03	-8.700134e-03
2.947368e-01	1.044372e-01	1.044372e-01	8.730416e-03	-8.679435e-03	-8.679434e-03
3.000000e-01	1.045180e-01	1.045180e-01	9.045000e-03	-8.658231e-03	-8.658230e-03
3.000000e-01	1.045180e-01	1.045180e-01	9.045000e-03	-8.658231e-03	-8.658230e-03
3.052632e-01	1.045988e-01	1.045988e-01	9.365152e-03	-8.636521e-03	-8.636521e-03
3.105263e-01	1.046795e-01	1.046795e-01	9.690873e-03	-8.614306e-03	-8.614307e-03
3.157895e-01	1.047603e-01	1.047603e-01	1.002216e-02	-8.591587e-03	-8.591588e-03
3.210526e-01	1.048411e-01	1.048411e-01	1.035902e-02	-8.568362e-03	-8.568364e-03
3.263158e-01	1.049218e-01	1.049218e-01	1.070144e-02	-8.544633e-03	-8.544635e-03
3.315789e-01	1.050026e-01	1.050026e-01	1.104943e-02	-8.520399e-03	-8.520401e-03
3.368421e-01	1.050834e-01	1.050834e-01	1.140299e-02	-8.495660e-03	-8.495662e-03
3.421053e-01	1.051641e-01	1.051641e-01	1.176212e-02	-8.470416e-03	-8.470418e-03
3.473684e-01	1.052449e-01	1.052449e-01	1.212681e-02	-8.444668e-03	-8.444670e-03
3.526316e-01	1.053257e-01	1.053257e-01	1.249708e-02	-8.418415e-03	-8.418416e-03
3.578947e-01	1.054064e-01	1.054064e-01	1.287291e-02	-8.391657e-03	-8.391658e-03
3.631579e-01	1.054872e-01	1.054872e-01	1.325431e-02	-8.364395e-03	-8.364394e-03
3.684211e-01	1.055680e-01	1.055680e-01	1.364127e-02	-8.336628e-03	-8.336626e-03
3.736842e-01	1.056487e-01	1.056487e-01	1.403381e-02	-8.308356e-03	-8.308352e-03
3.789474e-01	1.057295e-01	1.057295e-01	1.443191e-02	-8.279579e-03	-8.279574e-03
3.842105e-01	1.058103e-01	1.058103e-01	1.483558e-02	-8.250298e-03	-8.250291e-03
3.894737e-01	1.058911e-01	1.058911e-01	1.524482e-02	-8.220511e-03	-8.220503e-03
3.947368e-01	1.059718e-01	1.059718e-01	1.565963e-02	-8.190219e-03	-8.190209e-03
4.000000e-01	1.060526e-01	1.060526e-01	1.608000e-02	-8.159422e-03	-8.159411e-03
4.000000e-01	1.060526e-01	1.060526e-01	1.608000e-02	-8.159420e-03	-8.159411e-03
4.052632e-01	1.061334e-01	1.061334e-01	1.650594e-02	-8.128115e-03	-8.128108e-03
4.105263e-01	1.062141e-01	1.062141e-01	1.693745e-02	-8.096303e-03	-8.096301e-03
4.157895e-01	1.062949e-01	1.062949e-01	1.737453e-02	-8.063986e-03	-8.063988e-03
4.210526e-01	1.063757e-01	1.063757e-01	1.781717e-02	-8.031163e-03	-8.031170e-03
4.263158e-01	1.064564e-01	1.064564e-01	1.826539e-02	-7.997834e-03	-7.997847e-03
4.315789e-01	1.065372e-01	1.065372e-01	1.871917e-02	-7.964002e-03	-7.964019e-03
4.368421e-01	1.066179e-01	1.066180e-01	1.917852e-02	-7.929665e-03	-7.929687e-03
4.421053e-01	1.066987e-01	1.066987e-01	1.964343e-02	-7.894824e-03	-7.894849e-03
4.473684e-01	1.067795e-01	1.067795e-01	2.011392e-02	-7.859481e-03	-7.859507e-03
4.526316e-01	1.068602e-01	1.068603e-01	2.058997e-02	-7.823634e-03	-7.823659e-03
4.578947e-01	1.069410e-01	1.069410e-01	2.107159e-02	-7.787284e-03	-7.787307e-03
4.631579e-01	1.070218e-01	1.070218e-01	2.155878e-02	-7.750432e-03	-7.750450e-03
4.684211e-01	1.071026e-01	1.071026e-01	2.205154e-02	-7.713079e-03	-7.713088e-03
4.736842e-01	1.071834e-01	1.071833e-01	2.254986e-02	-7.675223e-03	-7.675220e-03
4.789474e-01	1.072641e-01	1.072641e-01	2.305375e-02	-7.636866e-03	-7.636848e-03
4.842105e-01	1.073449e-01	1.073449e-01	2.356321e-02	-7.598007e-03	-7.597971e-03
4.894737e-01	1.074257e-01	1.074257e-01	2.407824e-02	-7.558647e-03	-7.558589e-03
4.947368e-01	1.075065e-01	1.075064e-01	2.459884e-02	-7.518787e-03	-7.518702e-03
5.000000e-01	1.075873e-01	1.075872e-01	2.512500e-02	-7.478425e-03	-7.478310e-03
5.000000e-01	1.075873e-01	1.075872e-01	2.512500e-02	-7.478409e-03	-7.478310e-03
5.052632e-01	1.076681e-01	1.076680e-01	2.565673e-02	-7.437524e-03	-7.437414e-03
5.105263e-01	1.077488e-01	1.077487e-01	2.619403e-02	-7.396125e-03	-7.396012e-03
5.157895e-01	1.078296e-01	1.078295e-01	2.673690e-02	-7.354212e-03	-7.354105e-03
5.210526e-01	1.079104e-01	1.079103e-01	2.728533e-02	-7.311782e-03	-7.311694e-03
5.263158e-01	1.079911e-01	1.079910e-01	2.783934e-02	-7.268837e-03	-7.268777e-03
5.315789e-01	1.080718e-01	1.080718e-01	2.839891e-02	-7.225377e-03	-7.225356e-03
5.368421e-01	1.081525e-01	1.081526e-01	2.896404e-02	-7.181403e-03	-7.181429e-03
5.421053e-01	1.082333e-01	1.082333e-01	2.953475e-02	-7.136916e-03	-7.136998e-03
5.473684e-01	1.083140e-01	1.083141e-01	3.011102e-02	-7.091920e-03	-7.092062e-03
5.526316e-01	1.083947e-01	1.083949e-01	3.069287e-02	-7.046418e-03	-7.046620e-03
5.578947e-01	1.084754e-01	1.084756e-01	3.128028e-02	-7.000412e-03	-7.000674e-03
5.631579e-01	1.085561e-01	1.085564e-01	3.187325e-02	-6.953908e-03	-6.954223e-03
5.684211e-01	1.086368e-01	1.086372e-01	3.247180e-02	-6.906910e-03	-6.907267e-03
5.736842e-01	1.087176e-01	1.087180e-01	3.307591e-02	-6.859424e-03	-6.859806e-03
5.789474e-01	1.087983e-01	1.087987e-01	3.368560e-02	-6.811456e-03	-6.811840e-03
5.842105e-01	1.088791e-01	1.088795e-01	3.430084e-02	-6.763014e-03	-6.763369e-03
5.894737e-01	1.089600e-01	1.089603e-01	3.492166e-02	-6.714104e-03	-6.714393e-03
5.947368e-01	1.090408e-01	1.090410e-01	3.554805e-02	-6.664735e-03	-6.664913e-03
6.000000e-01	1.091218e-01	1.091218e-01	3.618000e-02	-6.614915e-03	-6.614927e-03
6.000000e-01	1.091218e-01	1.091218e-01	3.618000e-02	-6.614906e-03	-6.614927e-03
6.052632e-01	1.092027e-01	1.092026e-01	3.681752e-02	-6.564584e-03	-6.564436e-03
6.105263e-01	1.092837e-01	1.092833e-01	3.746061e-02	-6.513785e-03	-6.513441e-03
6.157895e-01	1.093647e-01	1.093641e-01	3.810927e-02	-6.462490e-03	-6.461940e-03
6.210526e-01	1.094457e-01	1.094449e-01	3.876349e-02	-6.410680e-03	-6.409935e-03
6.263158e-01	1.095266e-01	1.095256e-01	3.942328e-02	-6.358334e-03	-6.357425e-03
6.315789e-01	1.096075e-01	1.096064e-01	4.008864e-02	-6.305432e-03	-6.304409e-03
6.368421e-01	1.096883e-01	1.096872e-01	4.075957e-02	-6.251951e-03	-6.250889e-03
6.421053e-01	1.097690e-01	1.097679e-01	4.143607e-02	-6.197868e-03	-6.196864e-03
6.473684e-01	1.098496e-01	1.098487e-01	4.211813e-02	-6.143157e-03	-6.142334e-03
6.526316e-01	1.099300e-01	1.099295e-01	4.280576e-02	-6.087794e-03	-6.087299e-03
6.578947e-01	1.100102e-01	1.100102e-01	4.349896e-02	-6.031752e-03	-6.031759e-03
6.631579e-01	1.100902e-01	1.100910e-01	4.419773e-02	-5.975002e-03	-5.975714e-03
6.684211e-01	1.101699e-01	1.101718e-01	4.490206e-02	-5.917517e-03	-5.919164e-03
6.736842e-01	1.102493e-01	1.102526e-01	4.561197e-02	-5.859266e-03	-5.862109e-03
6.789474e-01	1.103284e-01	1.103333e-01	4.632744e-02	-5.800219e-03	-5.804550e-03
6.842105e-01	1.104071e-01	1.104141e-01	4.704848e-02	-5.740344e-03	-5.746485e-03
6.894737e-01	1.104854e-01	1.104949e-01	4.777508e-02	-5.679607e-03	-5.687915e-03
6.947368e-01	1.105632e-01	1.105756e-01	4.850726e-02	-5.617974e-03	-5.628841e-03
7.000000e-01	1.106405e-01	1.106564e-01	4.924500e-02	-5.555412e-03	-5.569261e-03
7.000000e-01	1.106408e-01	1.106564e-01	4.924500e-02	-5.555598e-03	-5.569261e-03
7.052632e-01	1.107179e-01	1.107372e-01	4.998831e-02	-5.492435e-03	-5.509177e-03
7.105263e-01	1.107946e-01	1.108179e-01	5.073719e-02	-5.428446e-03	-5.448587e-03
7.157895e-01	1.108710e-01	1.108987e-01	5.149163e-02	-5.363660e-03	-5.387493e-03
7.210526e-01	1.109471e-01	1.109795e-01	5.225165e-02	-5.298104e-03	-5.325894e-03
7.263158e-01	1.110228e-01	1.110602e-01	5.301723e-02	-5.231808e-03	-5.263790e-03
7.315789e-01	1.110983e-01	1.111410e-01	5.378838e-02	-5.164802e-03	-5.201181e-03
7.368421e-01	1.111735e-01	1.112218e-01	5.456510e-02	-5.097117e-03	-5.138067e-03
7.421053e-01	1.112484e-01	1.113025e-01	5.534738e-02	-5.028783e-03	-5.074448e-03
7.473684e-01	1.113232e-01	1.113833e-01	5.613524e-02	-4.959835e-03	-5.010324e-03
7.526316e-01	1.113979e-01	1.114641e-01	5.692866e-02	-4.890303e-03	-4.945695e-03
7.578947e-01	1.114724e-01	1.115449e-01	5.772765e-02	-4.820224e-03	-4.880561e-03
7.631579e-01	1.115468e-01	1.116256e-01	5.853220e-02	-4.749631e-03	-4.814922e-03
7.684211e-01	1.116213e-01	1.117064e-01	5.934233e-02	-4.678560e-03	-4.748779e-03
7.736842e-01	1.116957e-01	1.117872e-01	6.015802e-02	-4.607047e-03	-4.682130e-03
7.789474e-01	1.117702e-01	1.118679e-01	6.097928e-02	-4.535130e-03	-4.614977e-03
7.842105e-01	1.118448e-01	1.119487e-01	6.180611e-02	-4.462847e-03	-4.547318e-03
7.894737e-01	1.119196e-01	1.120295e-01	6.263850e-02	-4.390236e-03	-4.479155e-03
7.947368e-01	1.119946e-01	1.121102e-01	6.347647e-02	-4.317337e-03	-4.410486e-03
8.000000e-01	1.120699e-01	1.121910e-01	6.432000e-02	-4.244190e-03	-4.341313e-03
8.000000e-01	1.120700e-01	1.121910e-01	6.432000e-02	-4.243694e-03	-4.341313e-03
8.052632e-01	1.121447e-01	1.122718e-01	6.516910e-02	-4.170258e-03	-4.271635e-03
8.105263e-01	1.122198e-01	1.123525e-01	6.602377e-02	-4.096356e-03	-4.201452e-03
8.157895e-01	1.122952e-01	1.124333e-01	6.688400e-02	-4.022019e-03	-4.130764e-03
8.210526e-01	1.123709e-01	1.125141e-01	6.774981e-02	-3.947270e-03	-4.059571e-03
8.263158e-01	1.124467e-01	1.125948e-01	6.862118e-02	-3.872133e-03	-3.987873e-03
8.315789e-01	1.125226e-01	1.126756e-01	6.949812e-02	-3.796624e-03	-3.915670e-03
8.368421e-01	1.125987e-01	1.127564e-01	7.038062e-02	-3.720758e-03	-3.842962e-03
8.421053e-01	1.126748e-01	1.128371e-01	7.126870e-02	-3.644546e-03	-3.769749e-03
8.473684e-01	1.127510e-01	1.129179e-01	7.216234e-02	-3.567996e-03	-3.696031e-03
8.526316e-01	1.128273e-01	1.129987e-01	7.306155e-02	-3.491110e-03	-3.621809e-03
8.578947e-01	1.129036e-01	1.130795e-01	7.396633e-02	-3.413890e-03	-3.547081e-03
8.631579e-01	1.129801e-01	1.131602e-01	7.487668e-02	-3.336331e-03	-3.471849e-03
8.684211e-01	1.130567e-01	1.132410e-01	7.579259e-02	-3.258426e-03	-3.396111e-03
8.736842e-01	1.131334e-01	1.133218e-01	7.671407e-02	-3.180165e-03	-3.319869e-03
8.789474e-01	1.132104e-01	1.134025e-01	7.764112e-02	-3.101534e-03	-3.243121e-03
8.842105e-01	1.132877e-01	1.134833e-01	7.857374e-02	-3.022513e-03	-3.165869e-03
8.894737e-01	1.133654e-01	1.135641e-01	7.951193e-02	-2.943083e-03	-3.088112e-03
8.947368e-01	1.134435e-01	1.136448e-01	8.045568e-02	-2.863217e-03	-3.009850e-03
9.000000e-01	1.135222e-01	1.137256e-01	8.140500e-02	-2.782887e-03	-2.931083e-03
9.000000e-01	1.135291e-01	1.137256e-01	8.140500e-02	-2.780295e-03	-2.931083e-03
9.052632e-01	1.136012e-01	1.138064e-01	8.235989e-02	-2.703870e-03	-2.851811e-03
9.105263e-01	1.136777e-01	1.138871e-01	8.332035e-02	-2.625730e-03	-2.772034e-03
9.157895e-01	1.137576e-01	1.139679e-01	8.428637e-02	-2.546447e-03	-2.691752e-03
9.210526e-01	1.138401e-01	1.140487e-01	8.525796e-02	-2.466534e-03	-2.610965e-03
9.263158e-01	1.139247e-01	1.141294e-01	8.623512e-02	-2.386447e-03	-2.529673e-03
9.315789e-01	1.140108e-01	1.142102e-01	8.721785e-02	-2.306583e-03	-2.447876e-03
9.368421e-01	1.140982e-01	1.142910e-01	8.820615e-02	-2.227280e-03	-2.365575e-03
9.421053e-01	1.141869e-01	1.143718e-01	8.920001e-02	-2.148820e-03	-2.282768e-03
9.473684e-01	1.142769e-01	1.144525e-01	9.019945e-02	-2.071423e-03	-2.199457e-03
9.526316e-01	1.143687e-01	1.145333e-01	9.120445e-02	-1.995256e-03	-2.115640e-03
9.578947e-01	1.144626e-01	1.146141e-01	9.221501e-02	-1.920423e-03	-2.031319e-03
9.631579e-01	1.145593e-01	1.146948e-01	9.323115e-02	-1.846973e-03	-1.946492e-03
9.684211e-01	1.146597e-01	1.147756e-01	9.425285e-02	-1.774894e-03	-1.861161e-03
9.736842e-01	1.147648e-01	1.148564e-01	9.528012e-02	-1.704118e-03	-1.775325e-03
9.789474e-01	1.148758e-01	1.149371e-01	9.631296e-02	-1.634519e-03	-1.688984e-03
9.842105e-01	1.149941e-01	1.150179e-01	9.735137e-02	-1.565910e-03	-1.602138e-03
9.894737e-01	1.151212e-01	1.150987e-01	9.839535e-02	-1.498049e-03	-1.514787e-03
9.947368e-01	1.152589e-01	1.151794e-01	9.944489e-02	-1.430634e-03	-1.426931e-03
1.000000e+00	1.154091e-01	1.152602e-01	1.005000e-01	-1.363305e-03	-1.338570e-03
1.000000e+00	1.154894e-01	1.152602e-01	1.005000e-01	-1.342348e-03	-1.338570e-03
1.005263e+00	1.155058e-01	1.153410e-01	1.015607e-01	-1.367422e-03	-1.249704e-03
1.010526e+00	1.155082e-01	1.154217e-01	1.026269e-01	-1.372442e-03	-1.160333e-03
1.015789e+00	1.155080e-01	1.155025e-01	1.036987e-01	-1.358439e-03	-1.070457e-03
1.021053e+00	1.155159e-01	1.155833e-01	1.047761e-01	-1.326600e-03	-9.800767e-04
1.026316e+00	1.155419e-01	1.156640e-01	1.058591e-01	-1.278270e-03	-8.891911e-04
1.031579e+00	1.155953e-01	1.157448e-01	1.069476e-01	-1.214955e-03	-7.978006e-04
1.036842e+00	1.156844e-01	1.158256e-01	1.080417e-01	-1.138315e-03	-7.059051e-04
1.042105e+00	1.158171e-01	1.159064e-01	1.091413e-01	-1.050170e-03	-6.135047e-04
1.047368e+00	1.160003e-01	1.159871e-01	1.102466e-01	-9.524999e-04	-5.205994e-04
1.052632e+00	1.162403e-01	1.160679e-01	1.113573e-01	-8.474389e-04	-4.271891e-04
1.057895e+00	1.165424e-01	1.161487e-01	1.124737e-01	-7.372816e-04	-3.332739e-04
1.063158e+00	1.169114e-01	1.162294e-01	1.135956e-01	-6.244802e-04	-2.388538e-04
1.068421e+00	1.173512e-01	1.163102e-01	1.147231e-01	-5.116448e-04	-1.439287e-04
1.073684e+00	1.178651e-01	1.163910e-01	1.158562e-01	-4.015436e-04	-4.849865e-05
1.078947e+00	1.184555e-01	1.169948e-01	1.169948e-01	-2.971028e-04	0.000000e+00
1.084211e+00	1.191242e-01	1.181390e-01	1.181390e-01	-2.014067e-04	0.000000e+00
1.089474e+00	1.198719e-01	1.192888e-01	1.192888e-01	-1.176976e-04	0.000000e+00
1.094737e+00	1.206991e-01	1.204441e-01	1.204441e-01	-4.937592e-05	0.000000e+00
1.100000e+00	1.216050e-01	1.216050e-01	1.216050e-01	0.000000e+00	0.000000e+00
1.100000e+00	1.216050e-01	1.216050e-01	1.216050e-01	0.000000e+00	0.000000e+00
1.105263e+00	1.227715e-01	1.227715e-01	1.227715e-01	0.000000e+00	0.000000e+00
1.110526e+00	1.239435e-01	1.239435e-01	1.239435e-01	0.000000e+00	0.000000e+00
1.115789e+00	1.251211e-01	1.251211e-01	1.251211e-01	0.000000e+00	0.000000e+00
1.121053e+00	1.263043e-01	1.263043e-01	1.263043e-01	0.000000e+00	0.000000e+00
1.126316e+00	1.274930e-01	1.274930e-01	1.274930e-01	0.000000e+00	0.000000e+00
1.131579e+00	1.286873e-01	1.286873e-01	1.286873e-01	0.000000e+00	0.000000e+00
1.136842e+00	1.298872e-01	1.298872e-01	1.298872e-01	0.000000e+00	0.000000e+00
1.142105e+00	1.310926e-01	1.310926e-01	1.310926e-01	0.000000e+00	0.000000e+00
1.147368e+00	1.323037e-01	1.323037e-01	1.323037e-01	0.000000e+00	0.000000e+00
1.152632e+00	1.335202e-01	1.335202e-01	1.335202e-01	0.000000e+00	0.000000e+00
1.157895e+00	1.347424e-01	1.347424e-01	1.347424e-01	0.000000e+00	0.000000e+00
1.163158e+00	1.359701e-01	1.359701e-01	1.359701e-01	0.000000e+00	0.000000e+00
1.168421e+00	1.372034e-01	1.372034e-01	1.372034e-01	0.000000e+00	0.000000e+00
1.173684e+00	1.384422e-01	1.384422e-01	1.384422e-01	0.000000e+00	0.000000e+00
1.178947e+00	1.396866e-01	1.396866e-01	1.396866e-01	0.000000e+00	0.000000e+00
1.184211e+00	1.409366e-01	1.409366e-01	1.409366e-01	0.000000e+00	0.000000e+00
1.189474e+00	1.421922e-01	1.421922e-01	1.421922e-01	0.000000e+00	0.000000e+00
1.194737e+00	1.434533e-01	1.434533e-01	1.434533e-01	0.000000e+00	0.000000e+00
1.200000e+00	1.447200e-01	1.447200e-01	1.447200e-01	0.000000e+00	0.000000e+00
1.200000e+00	1.447200e-01	1.447200e-01	1.447200e-01	0.000000e+00	0.000000e+00
1.205263e+00	1.459923e-01	1.459923e-01	1.459923e-01	0.000000e+00	0.000000e+00
1.210526e+00	1.472701e-01	1.472701e-01	1.472701e-01	0.000000e+00	0.000000e+00
1.215789e+00	1.485535e-01	1.485535e-01	1.485535e-01	0.000000e+00	0.000000e+00
1.221053e+00	1.498424e-01	1.498424e-01	1.498424e-01	0.000000e+00	0.000000e+00
1.226316e+00	1.511370e-01	1.511370e-01	1.511370e-01	0.000000e+00	0.000000e+00
1.231579e+00	1.524371e-01	1.524371e-01	1.524371e-01	0.000000e+00	0.000000e+00
1.236842e+00	1.537427e-01	1.537427e-01	1.537427e-01	0.000000e+00	0.000000e+00
1.242105e+00	1.550540e-01	1.550540e-01	1.550540e-01	0.000000e+00	0.000000e+00
1.247368e+00	1.563708e-01	1.563708e-01	1.563708e-01	0.000000e+00	0.000000e+00
1.252632e+00	1.576931e-01	1.576931e-01	1.576931e-01	0.000000e+00	0.000000e+00
1.257895e+00	1.590211e-01	1.590211e-01	1.590211e-01	0.000000e+00	0.000000e+00
1.263158e+00	1.603546e-01	1.603546e-01	1.603546e-01	0.000000e+00	0.000000e+00
1.268421e+00	1.616936e-01	1.616936e-01	1.616936e-01	0.000000e+00	0.000000e+00
1.273684e+00	1.630383e-01	1.630383e-01	1.630383e-01	0.000000e+00	0.000000e+00
1.278947e+00	1.643885e-01	1.643885e-01	1.643885e-01	0.000000e+00	0.000000e+00
1.284211e+00	1.657443e-01	1.657443e-01	1.657443e-01	0.000000e+00	0.000000e+00
1.289474e+00	1.671056e-01	1.671056e-01	1.671056e-01	0.000000e+00	0.000000e+00
1.294737e+00	1.684725e-01	1.684725e-01	1.684725e-01	0.000000e+00	0.000000e+00
1.300000e+00	1.698450e-01	1.698450e-01	1.698450e-01	0.000000e+00	0.000000e+00
1.300000e+00	1.698450e-01	1.698450e-01	1.698450e-01	0.000000e+00	0.000000e+00
1.305263e+00	1.712230e-01	1.712230e-01	1.712230e-01	0.000000e+00	0.000000e+00
1.310526e+00	1.726067e-01	1.726067e-01	1.726067e-01	0.000000e+00	0.000000e+00
1.315789e+00	1.739958e-01	1.739958e-01	1.739958e-01	0.000000e+00	0.000000e+00
1.321053e+00	1.753906e-01	1.753906e-01	1.753906e-01	0.000000e+00	0.000000e+00
1.326316e+00	1.767909e-01	1.767909e-01	1.767909e-01	0.000000e+00	0.000000e+00
1.331579e+00	1.781968e-01	1.781968e-01	1.781968e-01	0.000000e+00	0.000000e+00
1.336842e+00	1.796083e-01	1.796083e-01	1.796083e-01	0.000000e+00	0.000000e+00
1.342105e+00	1.810253e-01	1.810253e-01	1.810253e-01	0.000000e+00	0.000000e+00
1.347368e+00	1.824479e-01	1.824479e-01	1.824479e-01	0.000000e+00	0.000000e+00
1.352632e+00	1.838760e-01	1.838760e-01	1.838760e-01	0.000000e+00	0.000000e+00
1.357895e+00	1.853098e-01	1.853098e-01	1.853098e-01	0.000000e+00	0.000000e+00
1.363158e+00	1.867490e-01	1.867490e-01	1.867490e-01	0.000000e+00	0.000000e+00
1.368421e+00	1.881939e-01	1.881939e-01	1.881939e-01	0.000000e+00	0.000000e+00
1.373684e+00	1.896443e-01	1.896443e-01	1.896443e-01	0.000000e+00	0.000000e+00
1.378947e+00	1.911003e-01	1.911003e-01	1.911003e-01	0.000000e+00	0.000000e+00
1.384211e+00	1.925619e-01	1.925619e-01	1.925619e-01	0.000000e+00	0.000000e+00
1.389474e+00	1.940290e-01	1.940290e-01	1.940290e-01	0.000000e+00	0.000000e+00
1.394737e+00	1.955017e-01	1.955017e-01	1.955017e-01	0.000000e+00	0.000000e+00
1.400000e+00	1.969800e-01	1.969800e-01	1.969800e-01	0.000000e+00	0.000000e+00
1.400000e+00	1.969800e-01	1.969800e-01	1.969800e-01	0.000000e+00	0.000000e+00
1.405263e+00	1.984638e-01	1.984638e-01	1.984638e-01	0.000000e+00	0.000000e+00
1.410526e+00	1.999532e-01	1.999532e-01	1.999532e-01	0.000000e+00	0.000000e+00
1.415789e+00	2.014482e-01	2.014482e-01	2.014482e-01	0.000000e+00	0.000000e+00
1.421053e+00	2.029488e-01	2.029488e-01	2.029488e-01	0.000000e+00	0.000000e+00
1.426316e+00	2.044549e-01	2.044549e-01	2.044549e-01	0.000000e+00	0.000000e+00
1.431579e+00	2.059665e-01	2.059665e-01	2.059665e-01	0.000000e+00	0.000000e+00
1.436842e+00	2.074838e-01	2.074838e-01	2.074838e-01	0.000000e+00	0.000000e+00
1.442105e+00	2.090066e-01	2.090066e-01	2.090066e-01	0.000000e+00	0.000000e+00
1.447368e+00	2.105350e-01	2.105350e-01	2.105350e-01	0.000000e+00	0.000000e+00
1.452632e+00	2.120689e-01	2.120689e-01	2.120689e-01	0.000000e+00	0.000000e+00
1.457895e+00	2.136084e-01	2.136084e-01	2.136084e-01	0.000000e+00	0.000000e+00
1.463158e+00	2.151535e-01	2.151535e-01	2.151535e-01	0.000000e+00	0.000000e+00
1.468421e+00	2.167042e-01	2.167042e-01	2.167042e-01	0.000000e+00	0.000000e+00
1.473684e+00	2.182604e-01	2.182604e-01	2.182604e-01	0.000000e+00	0.000000e+00
1.478947e+00	2.198222e-01	2.198222e-01	2.198222e-01	0.000000e+00	0.000000e+00
1.484211e+00	2.213895e-01	2.213895e-01	2.213895e-01	0.000000e+00	0.000000e+00
1.489474e+00	2.229625e-01	2.229625e-01	2.229625e-01	0.000000e+00	0.000000e+00
1.494737e+00	2.245409e-01	2.245409e-01	2.245409e-01	0.000000e+00	0.000000e+00
1.500000e+00	2.261250e-01	2.261250e-01	2.261250e-01	0.000000e+00	0.000000e+00
